 frequency      frequency      frequency      db(v(VOUT))   
 1.0000000e+00  1.0000000e+00  0.0000000e+00 -5.3595916e+01 
 1.0232930e+00  1.0232930e+00  0.0000000e+00 -5.3595916e+01 
 1.0471285e+00  1.0471285e+00  0.0000000e+00 -5.3595916e+01 
 1.0715193e+00  1.0715193e+00  0.0000000e+00 -5.3595916e+01 
 1.0964782e+00  1.0964782e+00  0.0000000e+00 -5.3595916e+01 
 1.1220185e+00  1.1220185e+00  0.0000000e+00 -5.3595916e+01 
 1.1481536e+00  1.1481536e+00  0.0000000e+00 -5.3595916e+01 
 1.1748976e+00  1.1748976e+00  0.0000000e+00 -5.3595916e+01 
 1.2022644e+00  1.2022644e+00  0.0000000e+00 -5.3595916e+01 
 1.2302688e+00  1.2302688e+00  0.0000000e+00 -5.3595916e+01 
 1.2589254e+00  1.2589254e+00  0.0000000e+00 -5.3595916e+01 
 1.2882496e+00  1.2882496e+00  0.0000000e+00 -5.3595916e+01 
 1.3182567e+00  1.3182567e+00  0.0000000e+00 -5.3595916e+01 
 1.3489629e+00  1.3489629e+00  0.0000000e+00 -5.3595916e+01 
 1.3803843e+00  1.3803843e+00  0.0000000e+00 -5.3595916e+01 
 1.4125375e+00  1.4125375e+00  0.0000000e+00 -5.3595916e+01 
 1.4454398e+00  1.4454398e+00  0.0000000e+00 -5.3595916e+01 
 1.4791084e+00  1.4791084e+00  0.0000000e+00 -5.3595916e+01 
 1.5135612e+00  1.5135612e+00  0.0000000e+00 -5.3595916e+01 
 1.5488166e+00  1.5488166e+00  0.0000000e+00 -5.3595916e+01 
 1.5848932e+00  1.5848932e+00  0.0000000e+00 -5.3595916e+01 
 1.6218101e+00  1.6218101e+00  0.0000000e+00 -5.3595916e+01 
 1.6595869e+00  1.6595869e+00  0.0000000e+00 -5.3595916e+01 
 1.6982437e+00  1.6982437e+00  0.0000000e+00 -5.3595916e+01 
 1.7378008e+00  1.7378008e+00  0.0000000e+00 -5.3595916e+01 
 1.7782794e+00  1.7782794e+00  0.0000000e+00 -5.3595916e+01 
 1.8197009e+00  1.8197009e+00  0.0000000e+00 -5.3595916e+01 
 1.8620871e+00  1.8620871e+00  0.0000000e+00 -5.3595916e+01 
 1.9054607e+00  1.9054607e+00  0.0000000e+00 -5.3595916e+01 
 1.9498446e+00  1.9498446e+00  0.0000000e+00 -5.3595916e+01 
 1.9952623e+00  1.9952623e+00  0.0000000e+00 -5.3595916e+01 
 2.0417379e+00  2.0417379e+00  0.0000000e+00 -5.3595916e+01 
 2.0892961e+00  2.0892961e+00  0.0000000e+00 -5.3595916e+01 
 2.1379621e+00  2.1379621e+00  0.0000000e+00 -5.3595916e+01 
 2.1877616e+00  2.1877616e+00  0.0000000e+00 -5.3595916e+01 
 2.2387211e+00  2.2387211e+00  0.0000000e+00 -5.3595916e+01 
 2.2908677e+00  2.2908677e+00  0.0000000e+00 -5.3595916e+01 
 2.3442288e+00  2.3442288e+00  0.0000000e+00 -5.3595916e+01 
 2.3988329e+00  2.3988329e+00  0.0000000e+00 -5.3595916e+01 
 2.4547089e+00  2.4547089e+00  0.0000000e+00 -5.3595916e+01 
 2.5118864e+00  2.5118864e+00  0.0000000e+00 -5.3595916e+01 
 2.5703958e+00  2.5703958e+00  0.0000000e+00 -5.3595916e+01 
 2.6302680e+00  2.6302680e+00  0.0000000e+00 -5.3595916e+01 
 2.6915348e+00  2.6915348e+00  0.0000000e+00 -5.3595916e+01 
 2.7542287e+00  2.7542287e+00  0.0000000e+00 -5.3595916e+01 
 2.8183829e+00  2.8183829e+00  0.0000000e+00 -5.3595916e+01 
 2.8840315e+00  2.8840315e+00  0.0000000e+00 -5.3595916e+01 
 2.9512092e+00  2.9512092e+00  0.0000000e+00 -5.3595916e+01 
 3.0199517e+00  3.0199517e+00  0.0000000e+00 -5.3595916e+01 
 3.0902954e+00  3.0902954e+00  0.0000000e+00 -5.3595916e+01 
 3.1622777e+00  3.1622777e+00  0.0000000e+00 -5.3595916e+01 
 3.2359366e+00  3.2359366e+00  0.0000000e+00 -5.3595916e+01 
 3.3113112e+00  3.3113112e+00  0.0000000e+00 -5.3595916e+01 
 3.3884416e+00  3.3884416e+00  0.0000000e+00 -5.3595916e+01 
 3.4673685e+00  3.4673685e+00  0.0000000e+00 -5.3595916e+01 
 3.5481339e+00  3.5481339e+00  0.0000000e+00 -5.3595916e+01 
 3.6307805e+00  3.6307805e+00  0.0000000e+00 -5.3595916e+01 
 3.7153523e+00  3.7153523e+00  0.0000000e+00 -5.3595916e+01 
 3.8018940e+00  3.8018940e+00  0.0000000e+00 -5.3595916e+01 
 3.8904514e+00  3.8904514e+00  0.0000000e+00 -5.3595916e+01 
 3.9810717e+00  3.9810717e+00  0.0000000e+00 -5.3595916e+01 
 4.0738028e+00  4.0738028e+00  0.0000000e+00 -5.3595916e+01 
 4.1686938e+00  4.1686938e+00  0.0000000e+00 -5.3595916e+01 
 4.2657952e+00  4.2657952e+00  0.0000000e+00 -5.3595916e+01 
 4.3651583e+00  4.3651583e+00  0.0000000e+00 -5.3595916e+01 
 4.4668359e+00  4.4668359e+00  0.0000000e+00 -5.3595916e+01 
 4.5708819e+00  4.5708819e+00  0.0000000e+00 -5.3595916e+01 
 4.6773514e+00  4.6773514e+00  0.0000000e+00 -5.3595916e+01 
 4.7863009e+00  4.7863009e+00  0.0000000e+00 -5.3595916e+01 
 4.8977882e+00  4.8977882e+00  0.0000000e+00 -5.3595916e+01 
 5.0118723e+00  5.0118723e+00  0.0000000e+00 -5.3595916e+01 
 5.1286138e+00  5.1286138e+00  0.0000000e+00 -5.3595916e+01 
 5.2480746e+00  5.2480746e+00  0.0000000e+00 -5.3595916e+01 
 5.3703180e+00  5.3703180e+00  0.0000000e+00 -5.3595916e+01 
 5.4954087e+00  5.4954087e+00  0.0000000e+00 -5.3595916e+01 
 5.6234133e+00  5.6234133e+00  0.0000000e+00 -5.3595916e+01 
 5.7543994e+00  5.7543994e+00  0.0000000e+00 -5.3595916e+01 
 5.8884366e+00  5.8884366e+00  0.0000000e+00 -5.3595916e+01 
 6.0255959e+00  6.0255959e+00  0.0000000e+00 -5.3595916e+01 
 6.1659500e+00  6.1659500e+00  0.0000000e+00 -5.3595916e+01 
 6.3095734e+00  6.3095734e+00  0.0000000e+00 -5.3595916e+01 
 6.4565423e+00  6.4565423e+00  0.0000000e+00 -5.3595916e+01 
 6.6069345e+00  6.6069345e+00  0.0000000e+00 -5.3595916e+01 
 6.7608298e+00  6.7608298e+00  0.0000000e+00 -5.3595916e+01 
 6.9183097e+00  6.9183097e+00  0.0000000e+00 -5.3595916e+01 
 7.0794578e+00  7.0794578e+00  0.0000000e+00 -5.3595916e+01 
 7.2443596e+00  7.2443596e+00  0.0000000e+00 -5.3595916e+01 
 7.4131024e+00  7.4131024e+00  0.0000000e+00 -5.3595916e+01 
 7.5857758e+00  7.5857758e+00  0.0000000e+00 -5.3595916e+01 
 7.7624712e+00  7.7624712e+00  0.0000000e+00 -5.3595916e+01 
 7.9432823e+00  7.9432823e+00  0.0000000e+00 -5.3595916e+01 
 8.1283052e+00  8.1283052e+00  0.0000000e+00 -5.3595916e+01 
 8.3176377e+00  8.3176377e+00  0.0000000e+00 -5.3595916e+01 
 8.5113804e+00  8.5113804e+00  0.0000000e+00 -5.3595916e+01 
 8.7096359e+00  8.7096359e+00  0.0000000e+00 -5.3595916e+01 
 8.9125094e+00  8.9125094e+00  0.0000000e+00 -5.3595916e+01 
 9.1201084e+00  9.1201084e+00  0.0000000e+00 -5.3595916e+01 
 9.3325430e+00  9.3325430e+00  0.0000000e+00 -5.3595916e+01 
 9.5499259e+00  9.5499259e+00  0.0000000e+00 -5.3595916e+01 
 9.7723722e+00  9.7723722e+00  0.0000000e+00 -5.3595916e+01 
 1.0000000e+01  1.0000000e+01  0.0000000e+00 -5.3595916e+01 
 1.0232930e+01  1.0232930e+01  0.0000000e+00 -5.3595916e+01 
 1.0471285e+01  1.0471285e+01  0.0000000e+00 -5.3595916e+01 
 1.0715193e+01  1.0715193e+01  0.0000000e+00 -5.3595916e+01 
 1.0964782e+01  1.0964782e+01  0.0000000e+00 -5.3595916e+01 
 1.1220185e+01  1.1220185e+01  0.0000000e+00 -5.3595916e+01 
 1.1481536e+01  1.1481536e+01  0.0000000e+00 -5.3595916e+01 
 1.1748976e+01  1.1748976e+01  0.0000000e+00 -5.3595916e+01 
 1.2022644e+01  1.2022644e+01  0.0000000e+00 -5.3595916e+01 
 1.2302688e+01  1.2302688e+01  0.0000000e+00 -5.3595916e+01 
 1.2589254e+01  1.2589254e+01  0.0000000e+00 -5.3595916e+01 
 1.2882496e+01  1.2882496e+01  0.0000000e+00 -5.3595916e+01 
 1.3182567e+01  1.3182567e+01  0.0000000e+00 -5.3595916e+01 
 1.3489629e+01  1.3489629e+01  0.0000000e+00 -5.3595916e+01 
 1.3803843e+01  1.3803843e+01  0.0000000e+00 -5.3595916e+01 
 1.4125375e+01  1.4125375e+01  0.0000000e+00 -5.3595916e+01 
 1.4454398e+01  1.4454398e+01  0.0000000e+00 -5.3595916e+01 
 1.4791084e+01  1.4791084e+01  0.0000000e+00 -5.3595916e+01 
 1.5135612e+01  1.5135612e+01  0.0000000e+00 -5.3595916e+01 
 1.5488166e+01  1.5488166e+01  0.0000000e+00 -5.3595916e+01 
 1.5848932e+01  1.5848932e+01  0.0000000e+00 -5.3595916e+01 
 1.6218101e+01  1.6218101e+01  0.0000000e+00 -5.3595916e+01 
 1.6595869e+01  1.6595869e+01  0.0000000e+00 -5.3595916e+01 
 1.6982437e+01  1.6982437e+01  0.0000000e+00 -5.3595916e+01 
 1.7378008e+01  1.7378008e+01  0.0000000e+00 -5.3595916e+01 
 1.7782794e+01  1.7782794e+01  0.0000000e+00 -5.3595916e+01 
 1.8197009e+01  1.8197009e+01  0.0000000e+00 -5.3595916e+01 
 1.8620871e+01  1.8620871e+01  0.0000000e+00 -5.3595916e+01 
 1.9054607e+01  1.9054607e+01  0.0000000e+00 -5.3595916e+01 
 1.9498446e+01  1.9498446e+01  0.0000000e+00 -5.3595916e+01 
 1.9952623e+01  1.9952623e+01  0.0000000e+00 -5.3595916e+01 
 2.0417379e+01  2.0417379e+01  0.0000000e+00 -5.3595916e+01 
 2.0892961e+01  2.0892961e+01  0.0000000e+00 -5.3595916e+01 
 2.1379621e+01  2.1379621e+01  0.0000000e+00 -5.3595916e+01 
 2.1877616e+01  2.1877616e+01  0.0000000e+00 -5.3595916e+01 
 2.2387211e+01  2.2387211e+01  0.0000000e+00 -5.3595916e+01 
 2.2908677e+01  2.2908677e+01  0.0000000e+00 -5.3595916e+01 
 2.3442288e+01  2.3442288e+01  0.0000000e+00 -5.3595916e+01 
 2.3988329e+01  2.3988329e+01  0.0000000e+00 -5.3595916e+01 
 2.4547089e+01  2.4547089e+01  0.0000000e+00 -5.3595916e+01 
 2.5118864e+01  2.5118864e+01  0.0000000e+00 -5.3595916e+01 
 2.5703958e+01  2.5703958e+01  0.0000000e+00 -5.3595916e+01 
 2.6302680e+01  2.6302680e+01  0.0000000e+00 -5.3595916e+01 
 2.6915348e+01  2.6915348e+01  0.0000000e+00 -5.3595916e+01 
 2.7542287e+01  2.7542287e+01  0.0000000e+00 -5.3595916e+01 
 2.8183829e+01  2.8183829e+01  0.0000000e+00 -5.3595916e+01 
 2.8840315e+01  2.8840315e+01  0.0000000e+00 -5.3595916e+01 
 2.9512092e+01  2.9512092e+01  0.0000000e+00 -5.3595916e+01 
 3.0199517e+01  3.0199517e+01  0.0000000e+00 -5.3595916e+01 
 3.0902954e+01  3.0902954e+01  0.0000000e+00 -5.3595916e+01 
 3.1622777e+01  3.1622777e+01  0.0000000e+00 -5.3595916e+01 
 3.2359366e+01  3.2359366e+01  0.0000000e+00 -5.3595916e+01 
 3.3113112e+01  3.3113112e+01  0.0000000e+00 -5.3595916e+01 
 3.3884416e+01  3.3884416e+01  0.0000000e+00 -5.3595916e+01 
 3.4673685e+01  3.4673685e+01  0.0000000e+00 -5.3595916e+01 
 3.5481339e+01  3.5481339e+01  0.0000000e+00 -5.3595916e+01 
 3.6307805e+01  3.6307805e+01  0.0000000e+00 -5.3595916e+01 
 3.7153523e+01  3.7153523e+01  0.0000000e+00 -5.3595916e+01 
 3.8018940e+01  3.8018940e+01  0.0000000e+00 -5.3595916e+01 
 3.8904514e+01  3.8904514e+01  0.0000000e+00 -5.3595916e+01 
 3.9810717e+01  3.9810717e+01  0.0000000e+00 -5.3595916e+01 
 4.0738028e+01  4.0738028e+01  0.0000000e+00 -5.3595916e+01 
 4.1686938e+01  4.1686938e+01  0.0000000e+00 -5.3595916e+01 
 4.2657952e+01  4.2657952e+01  0.0000000e+00 -5.3595916e+01 
 4.3651583e+01  4.3651583e+01  0.0000000e+00 -5.3595916e+01 
 4.4668359e+01  4.4668359e+01  0.0000000e+00 -5.3595916e+01 
 4.5708819e+01  4.5708819e+01  0.0000000e+00 -5.3595916e+01 
 4.6773514e+01  4.6773514e+01  0.0000000e+00 -5.3595916e+01 
 4.7863009e+01  4.7863009e+01  0.0000000e+00 -5.3595916e+01 
 4.8977882e+01  4.8977882e+01  0.0000000e+00 -5.3595916e+01 
 5.0118723e+01  5.0118723e+01  0.0000000e+00 -5.3595916e+01 
 5.1286138e+01  5.1286138e+01  0.0000000e+00 -5.3595916e+01 
 5.2480746e+01  5.2480746e+01  0.0000000e+00 -5.3595916e+01 
 5.3703180e+01  5.3703180e+01  0.0000000e+00 -5.3595916e+01 
 5.4954087e+01  5.4954087e+01  0.0000000e+00 -5.3595916e+01 
 5.6234133e+01  5.6234133e+01  0.0000000e+00 -5.3595916e+01 
 5.7543994e+01  5.7543994e+01  0.0000000e+00 -5.3595916e+01 
 5.8884366e+01  5.8884366e+01  0.0000000e+00 -5.3595916e+01 
 6.0255959e+01  6.0255959e+01  0.0000000e+00 -5.3595916e+01 
 6.1659500e+01  6.1659500e+01  0.0000000e+00 -5.3595916e+01 
 6.3095734e+01  6.3095734e+01  0.0000000e+00 -5.3595916e+01 
 6.4565423e+01  6.4565423e+01  0.0000000e+00 -5.3595916e+01 
 6.6069345e+01  6.6069345e+01  0.0000000e+00 -5.3595916e+01 
 6.7608298e+01  6.7608298e+01  0.0000000e+00 -5.3595916e+01 
 6.9183097e+01  6.9183097e+01  0.0000000e+00 -5.3595916e+01 
 7.0794578e+01  7.0794578e+01  0.0000000e+00 -5.3595916e+01 
 7.2443596e+01  7.2443596e+01  0.0000000e+00 -5.3595916e+01 
 7.4131024e+01  7.4131024e+01  0.0000000e+00 -5.3595916e+01 
 7.5857758e+01  7.5857758e+01  0.0000000e+00 -5.3595916e+01 
 7.7624712e+01  7.7624712e+01  0.0000000e+00 -5.3595916e+01 
 7.9432823e+01  7.9432823e+01  0.0000000e+00 -5.3595916e+01 
 8.1283052e+01  8.1283052e+01  0.0000000e+00 -5.3595916e+01 
 8.3176377e+01  8.3176377e+01  0.0000000e+00 -5.3595916e+01 
 8.5113804e+01  8.5113804e+01  0.0000000e+00 -5.3595916e+01 
 8.7096359e+01  8.7096359e+01  0.0000000e+00 -5.3595916e+01 
 8.9125094e+01  8.9125094e+01  0.0000000e+00 -5.3595916e+01 
 9.1201084e+01  9.1201084e+01  0.0000000e+00 -5.3595916e+01 
 9.3325430e+01  9.3325430e+01  0.0000000e+00 -5.3595916e+01 
 9.5499259e+01  9.5499259e+01  0.0000000e+00 -5.3595916e+01 
 9.7723722e+01  9.7723722e+01  0.0000000e+00 -5.3595916e+01 
 1.0000000e+02  1.0000000e+02  0.0000000e+00 -5.3595916e+01 
 1.0232930e+02  1.0232930e+02  0.0000000e+00 -5.3595916e+01 
 1.0471285e+02  1.0471285e+02  0.0000000e+00 -5.3595916e+01 
 1.0715193e+02  1.0715193e+02  0.0000000e+00 -5.3595916e+01 
 1.0964782e+02  1.0964782e+02  0.0000000e+00 -5.3595916e+01 
 1.1220185e+02  1.1220185e+02  0.0000000e+00 -5.3595916e+01 
 1.1481536e+02  1.1481536e+02  0.0000000e+00 -5.3595916e+01 
 1.1748976e+02  1.1748976e+02  0.0000000e+00 -5.3595916e+01 
 1.2022644e+02  1.2022644e+02  0.0000000e+00 -5.3595916e+01 
 1.2302688e+02  1.2302688e+02  0.0000000e+00 -5.3595916e+01 
 1.2589254e+02  1.2589254e+02  0.0000000e+00 -5.3595916e+01 
 1.2882496e+02  1.2882496e+02  0.0000000e+00 -5.3595916e+01 
 1.3182567e+02  1.3182567e+02  0.0000000e+00 -5.3595916e+01 
 1.3489629e+02  1.3489629e+02  0.0000000e+00 -5.3595916e+01 
 1.3803843e+02  1.3803843e+02  0.0000000e+00 -5.3595916e+01 
 1.4125375e+02  1.4125375e+02  0.0000000e+00 -5.3595916e+01 
 1.4454398e+02  1.4454398e+02  0.0000000e+00 -5.3595916e+01 
 1.4791084e+02  1.4791084e+02  0.0000000e+00 -5.3595916e+01 
 1.5135612e+02  1.5135612e+02  0.0000000e+00 -5.3595916e+01 
 1.5488166e+02  1.5488166e+02  0.0000000e+00 -5.3595916e+01 
 1.5848932e+02  1.5848932e+02  0.0000000e+00 -5.3595916e+01 
 1.6218101e+02  1.6218101e+02  0.0000000e+00 -5.3595916e+01 
 1.6595869e+02  1.6595869e+02  0.0000000e+00 -5.3595916e+01 
 1.6982437e+02  1.6982437e+02  0.0000000e+00 -5.3595916e+01 
 1.7378008e+02  1.7378008e+02  0.0000000e+00 -5.3595916e+01 
 1.7782794e+02  1.7782794e+02  0.0000000e+00 -5.3595916e+01 
 1.8197009e+02  1.8197009e+02  0.0000000e+00 -5.3595916e+01 
 1.8620871e+02  1.8620871e+02  0.0000000e+00 -5.3595916e+01 
 1.9054607e+02  1.9054607e+02  0.0000000e+00 -5.3595916e+01 
 1.9498446e+02  1.9498446e+02  0.0000000e+00 -5.3595916e+01 
 1.9952623e+02  1.9952623e+02  0.0000000e+00 -5.3595916e+01 
 2.0417379e+02  2.0417379e+02  0.0000000e+00 -5.3595916e+01 
 2.0892961e+02  2.0892961e+02  0.0000000e+00 -5.3595916e+01 
 2.1379621e+02  2.1379621e+02  0.0000000e+00 -5.3595916e+01 
 2.1877616e+02  2.1877616e+02  0.0000000e+00 -5.3595916e+01 
 2.2387211e+02  2.2387211e+02  0.0000000e+00 -5.3595916e+01 
 2.2908677e+02  2.2908677e+02  0.0000000e+00 -5.3595916e+01 
 2.3442288e+02  2.3442288e+02  0.0000000e+00 -5.3595916e+01 
 2.3988329e+02  2.3988329e+02  0.0000000e+00 -5.3595916e+01 
 2.4547089e+02  2.4547089e+02  0.0000000e+00 -5.3595916e+01 
 2.5118864e+02  2.5118864e+02  0.0000000e+00 -5.3595916e+01 
 2.5703958e+02  2.5703958e+02  0.0000000e+00 -5.3595916e+01 
 2.6302680e+02  2.6302680e+02  0.0000000e+00 -5.3595916e+01 
 2.6915348e+02  2.6915348e+02  0.0000000e+00 -5.3595916e+01 
 2.7542287e+02  2.7542287e+02  0.0000000e+00 -5.3595916e+01 
 2.8183829e+02  2.8183829e+02  0.0000000e+00 -5.3595916e+01 
 2.8840315e+02  2.8840315e+02  0.0000000e+00 -5.3595916e+01 
 2.9512092e+02  2.9512092e+02  0.0000000e+00 -5.3595916e+01 
 3.0199517e+02  3.0199517e+02  0.0000000e+00 -5.3595916e+01 
 3.0902954e+02  3.0902954e+02  0.0000000e+00 -5.3595916e+01 
 3.1622777e+02  3.1622777e+02  0.0000000e+00 -5.3595916e+01 
 3.2359366e+02  3.2359366e+02  0.0000000e+00 -5.3595916e+01 
 3.3113112e+02  3.3113112e+02  0.0000000e+00 -5.3595916e+01 
 3.3884416e+02  3.3884416e+02  0.0000000e+00 -5.3595916e+01 
 3.4673685e+02  3.4673685e+02  0.0000000e+00 -5.3595916e+01 
 3.5481339e+02  3.5481339e+02  0.0000000e+00 -5.3595916e+01 
 3.6307805e+02  3.6307805e+02  0.0000000e+00 -5.3595916e+01 
 3.7153523e+02  3.7153523e+02  0.0000000e+00 -5.3595916e+01 
 3.8018940e+02  3.8018940e+02  0.0000000e+00 -5.3595916e+01 
 3.8904514e+02  3.8904514e+02  0.0000000e+00 -5.3595916e+01 
 3.9810717e+02  3.9810717e+02  0.0000000e+00 -5.3595916e+01 
 4.0738028e+02  4.0738028e+02  0.0000000e+00 -5.3595916e+01 
 4.1686938e+02  4.1686938e+02  0.0000000e+00 -5.3595916e+01 
 4.2657952e+02  4.2657952e+02  0.0000000e+00 -5.3595916e+01 
 4.3651583e+02  4.3651583e+02  0.0000000e+00 -5.3595916e+01 
 4.4668359e+02  4.4668359e+02  0.0000000e+00 -5.3595916e+01 
 4.5708819e+02  4.5708819e+02  0.0000000e+00 -5.3595916e+01 
 4.6773514e+02  4.6773514e+02  0.0000000e+00 -5.3595916e+01 
 4.7863009e+02  4.7863009e+02  0.0000000e+00 -5.3595916e+01 
 4.8977882e+02  4.8977882e+02  0.0000000e+00 -5.3595916e+01 
 5.0118723e+02  5.0118723e+02  0.0000000e+00 -5.3595916e+01 
 5.1286138e+02  5.1286138e+02  0.0000000e+00 -5.3595916e+01 
 5.2480746e+02  5.2480746e+02  0.0000000e+00 -5.3595916e+01 
 5.3703180e+02  5.3703180e+02  0.0000000e+00 -5.3595916e+01 
 5.4954087e+02  5.4954087e+02  0.0000000e+00 -5.3595916e+01 
 5.6234133e+02  5.6234133e+02  0.0000000e+00 -5.3595916e+01 
 5.7543994e+02  5.7543994e+02  0.0000000e+00 -5.3595916e+01 
 5.8884366e+02  5.8884366e+02  0.0000000e+00 -5.3595916e+01 
 6.0255959e+02  6.0255959e+02  0.0000000e+00 -5.3595916e+01 
 6.1659500e+02  6.1659500e+02  0.0000000e+00 -5.3595916e+01 
 6.3095734e+02  6.3095734e+02  0.0000000e+00 -5.3595916e+01 
 6.4565423e+02  6.4565423e+02  0.0000000e+00 -5.3595916e+01 
 6.6069345e+02  6.6069345e+02  0.0000000e+00 -5.3595916e+01 
 6.7608298e+02  6.7608298e+02  0.0000000e+00 -5.3595916e+01 
 6.9183097e+02  6.9183097e+02  0.0000000e+00 -5.3595916e+01 
 7.0794578e+02  7.0794578e+02  0.0000000e+00 -5.3595916e+01 
 7.2443596e+02  7.2443596e+02  0.0000000e+00 -5.3595916e+01 
 7.4131024e+02  7.4131024e+02  0.0000000e+00 -5.3595916e+01 
 7.5857758e+02  7.5857758e+02  0.0000000e+00 -5.3595916e+01 
 7.7624712e+02  7.7624712e+02  0.0000000e+00 -5.3595916e+01 
 7.9432823e+02  7.9432823e+02  0.0000000e+00 -5.3595916e+01 
 8.1283052e+02  8.1283052e+02  0.0000000e+00 -5.3595916e+01 
 8.3176377e+02  8.3176377e+02  0.0000000e+00 -5.3595916e+01 
 8.5113804e+02  8.5113804e+02  0.0000000e+00 -5.3595916e+01 
 8.7096359e+02  8.7096359e+02  0.0000000e+00 -5.3595916e+01 
 8.9125094e+02  8.9125094e+02  0.0000000e+00 -5.3595916e+01 
 9.1201084e+02  9.1201084e+02  0.0000000e+00 -5.3595916e+01 
 9.3325430e+02  9.3325430e+02  0.0000000e+00 -5.3595916e+01 
 9.5499259e+02  9.5499259e+02  0.0000000e+00 -5.3595916e+01 
 9.7723722e+02  9.7723722e+02  0.0000000e+00 -5.3595916e+01 
 1.0000000e+03  1.0000000e+03  0.0000000e+00 -5.3595916e+01 
 1.0232930e+03  1.0232930e+03  0.0000000e+00 -5.3595916e+01 
 1.0471285e+03  1.0471285e+03  0.0000000e+00 -5.3595916e+01 
 1.0715193e+03  1.0715193e+03  0.0000000e+00 -5.3595916e+01 
 1.0964782e+03  1.0964782e+03  0.0000000e+00 -5.3595916e+01 
 1.1220185e+03  1.1220185e+03  0.0000000e+00 -5.3595916e+01 
 1.1481536e+03  1.1481536e+03  0.0000000e+00 -5.3595916e+01 
 1.1748976e+03  1.1748976e+03  0.0000000e+00 -5.3595916e+01 
 1.2022644e+03  1.2022644e+03  0.0000000e+00 -5.3595916e+01 
 1.2302688e+03  1.2302688e+03  0.0000000e+00 -5.3595916e+01 
 1.2589254e+03  1.2589254e+03  0.0000000e+00 -5.3595916e+01 
 1.2882496e+03  1.2882496e+03  0.0000000e+00 -5.3595916e+01 
 1.3182567e+03  1.3182567e+03  0.0000000e+00 -5.3595916e+01 
 1.3489629e+03  1.3489629e+03  0.0000000e+00 -5.3595916e+01 
 1.3803843e+03  1.3803843e+03  0.0000000e+00 -5.3595916e+01 
 1.4125375e+03  1.4125375e+03  0.0000000e+00 -5.3595916e+01 
 1.4454398e+03  1.4454398e+03  0.0000000e+00 -5.3595916e+01 
 1.4791084e+03  1.4791084e+03  0.0000000e+00 -5.3595916e+01 
 1.5135612e+03  1.5135612e+03  0.0000000e+00 -5.3595916e+01 
 1.5488166e+03  1.5488166e+03  0.0000000e+00 -5.3595916e+01 
 1.5848932e+03  1.5848932e+03  0.0000000e+00 -5.3595916e+01 
 1.6218101e+03  1.6218101e+03  0.0000000e+00 -5.3595916e+01 
 1.6595869e+03  1.6595869e+03  0.0000000e+00 -5.3595916e+01 
 1.6982437e+03  1.6982437e+03  0.0000000e+00 -5.3595916e+01 
 1.7378008e+03  1.7378008e+03  0.0000000e+00 -5.3595916e+01 
 1.7782794e+03  1.7782794e+03  0.0000000e+00 -5.3595916e+01 
 1.8197009e+03  1.8197009e+03  0.0000000e+00 -5.3595916e+01 
 1.8620871e+03  1.8620871e+03  0.0000000e+00 -5.3595916e+01 
 1.9054607e+03  1.9054607e+03  0.0000000e+00 -5.3595916e+01 
 1.9498446e+03  1.9498446e+03  0.0000000e+00 -5.3595916e+01 
 1.9952623e+03  1.9952623e+03  0.0000000e+00 -5.3595916e+01 
 2.0417379e+03  2.0417379e+03  0.0000000e+00 -5.3595916e+01 
 2.0892961e+03  2.0892961e+03  0.0000000e+00 -5.3595916e+01 
 2.1379621e+03  2.1379621e+03  0.0000000e+00 -5.3595916e+01 
 2.1877616e+03  2.1877616e+03  0.0000000e+00 -5.3595916e+01 
 2.2387211e+03  2.2387211e+03  0.0000000e+00 -5.3595916e+01 
 2.2908677e+03  2.2908677e+03  0.0000000e+00 -5.3595916e+01 
 2.3442288e+03  2.3442288e+03  0.0000000e+00 -5.3595916e+01 
 2.3988329e+03  2.3988329e+03  0.0000000e+00 -5.3595916e+01 
 2.4547089e+03  2.4547089e+03  0.0000000e+00 -5.3595916e+01 
 2.5118864e+03  2.5118864e+03  0.0000000e+00 -5.3595916e+01 
 2.5703958e+03  2.5703958e+03  0.0000000e+00 -5.3595916e+01 
 2.6302680e+03  2.6302680e+03  0.0000000e+00 -5.3595916e+01 
 2.6915348e+03  2.6915348e+03  0.0000000e+00 -5.3595916e+01 
 2.7542287e+03  2.7542287e+03  0.0000000e+00 -5.3595916e+01 
 2.8183829e+03  2.8183829e+03  0.0000000e+00 -5.3595916e+01 
 2.8840315e+03  2.8840315e+03  0.0000000e+00 -5.3595916e+01 
 2.9512092e+03  2.9512092e+03  0.0000000e+00 -5.3595916e+01 
 3.0199517e+03  3.0199517e+03  0.0000000e+00 -5.3595916e+01 
 3.0902954e+03  3.0902954e+03  0.0000000e+00 -5.3595916e+01 
 3.1622777e+03  3.1622777e+03  0.0000000e+00 -5.3595916e+01 
 3.2359366e+03  3.2359366e+03  0.0000000e+00 -5.3595916e+01 
 3.3113112e+03  3.3113112e+03  0.0000000e+00 -5.3595916e+01 
 3.3884416e+03  3.3884416e+03  0.0000000e+00 -5.3595916e+01 
 3.4673685e+03  3.4673685e+03  0.0000000e+00 -5.3595916e+01 
 3.5481339e+03  3.5481339e+03  0.0000000e+00 -5.3595916e+01 
 3.6307805e+03  3.6307805e+03  0.0000000e+00 -5.3595916e+01 
 3.7153523e+03  3.7153523e+03  0.0000000e+00 -5.3595916e+01 
 3.8018940e+03  3.8018940e+03  0.0000000e+00 -5.3595916e+01 
 3.8904514e+03  3.8904514e+03  0.0000000e+00 -5.3595916e+01 
 3.9810717e+03  3.9810717e+03  0.0000000e+00 -5.3595916e+01 
 4.0738028e+03  4.0738028e+03  0.0000000e+00 -5.3595916e+01 
 4.1686938e+03  4.1686938e+03  0.0000000e+00 -5.3595916e+01 
 4.2657952e+03  4.2657952e+03  0.0000000e+00 -5.3595916e+01 
 4.3651583e+03  4.3651583e+03  0.0000000e+00 -5.3595916e+01 
 4.4668359e+03  4.4668359e+03  0.0000000e+00 -5.3595916e+01 
 4.5708819e+03  4.5708819e+03  0.0000000e+00 -5.3595916e+01 
 4.6773514e+03  4.6773514e+03  0.0000000e+00 -5.3595916e+01 
 4.7863009e+03  4.7863009e+03  0.0000000e+00 -5.3595916e+01 
 4.8977882e+03  4.8977882e+03  0.0000000e+00 -5.3595916e+01 
 5.0118723e+03  5.0118723e+03  0.0000000e+00 -5.3595916e+01 
 5.1286138e+03  5.1286138e+03  0.0000000e+00 -5.3595916e+01 
 5.2480746e+03  5.2480746e+03  0.0000000e+00 -5.3595916e+01 
 5.3703180e+03  5.3703180e+03  0.0000000e+00 -5.3595916e+01 
 5.4954087e+03  5.4954087e+03  0.0000000e+00 -5.3595916e+01 
 5.6234133e+03  5.6234133e+03  0.0000000e+00 -5.3595916e+01 
 5.7543994e+03  5.7543994e+03  0.0000000e+00 -5.3595916e+01 
 5.8884366e+03  5.8884366e+03  0.0000000e+00 -5.3595916e+01 
 6.0255959e+03  6.0255959e+03  0.0000000e+00 -5.3595916e+01 
 6.1659500e+03  6.1659500e+03  0.0000000e+00 -5.3595916e+01 
 6.3095734e+03  6.3095734e+03  0.0000000e+00 -5.3595916e+01 
 6.4565423e+03  6.4565423e+03  0.0000000e+00 -5.3595916e+01 
 6.6069345e+03  6.6069345e+03  0.0000000e+00 -5.3595916e+01 
 6.7608298e+03  6.7608298e+03  0.0000000e+00 -5.3595916e+01 
 6.9183097e+03  6.9183097e+03  0.0000000e+00 -5.3595916e+01 
 7.0794578e+03  7.0794578e+03  0.0000000e+00 -5.3595916e+01 
 7.2443596e+03  7.2443596e+03  0.0000000e+00 -5.3595916e+01 
 7.4131024e+03  7.4131024e+03  0.0000000e+00 -5.3595916e+01 
 7.5857758e+03  7.5857758e+03  0.0000000e+00 -5.3595916e+01 
 7.7624712e+03  7.7624712e+03  0.0000000e+00 -5.3595916e+01 
 7.9432823e+03  7.9432823e+03  0.0000000e+00 -5.3595916e+01 
 8.1283052e+03  8.1283052e+03  0.0000000e+00 -5.3595916e+01 
 8.3176377e+03  8.3176377e+03  0.0000000e+00 -5.3595916e+01 
 8.5113804e+03  8.5113804e+03  0.0000000e+00 -5.3595916e+01 
 8.7096359e+03  8.7096359e+03  0.0000000e+00 -5.3595916e+01 
 8.9125094e+03  8.9125094e+03  0.0000000e+00 -5.3595916e+01 
 9.1201084e+03  9.1201084e+03  0.0000000e+00 -5.3595916e+01 
 9.3325430e+03  9.3325430e+03  0.0000000e+00 -5.3595916e+01 
 9.5499259e+03  9.5499259e+03  0.0000000e+00 -5.3595916e+01 
 9.7723722e+03  9.7723722e+03  0.0000000e+00 -5.3595916e+01 
 1.0000000e+04  1.0000000e+04  0.0000000e+00 -5.3595916e+01 
 1.0232930e+04  1.0232930e+04  0.0000000e+00 -5.3595916e+01 
 1.0471285e+04  1.0471285e+04  0.0000000e+00 -5.3595916e+01 
 1.0715193e+04  1.0715193e+04  0.0000000e+00 -5.3595916e+01 
 1.0964782e+04  1.0964782e+04  0.0000000e+00 -5.3595916e+01 
 1.1220185e+04  1.1220185e+04  0.0000000e+00 -5.3595916e+01 
 1.1481536e+04  1.1481536e+04  0.0000000e+00 -5.3595916e+01 
 1.1748976e+04  1.1748976e+04  0.0000000e+00 -5.3595916e+01 
 1.2022644e+04  1.2022644e+04  0.0000000e+00 -5.3595916e+01 
 1.2302688e+04  1.2302688e+04  0.0000000e+00 -5.3595916e+01 
 1.2589254e+04  1.2589254e+04  0.0000000e+00 -5.3595916e+01 
 1.2882496e+04  1.2882496e+04  0.0000000e+00 -5.3595916e+01 
 1.3182567e+04  1.3182567e+04  0.0000000e+00 -5.3595916e+01 
 1.3489629e+04  1.3489629e+04  0.0000000e+00 -5.3595916e+01 
 1.3803843e+04  1.3803843e+04  0.0000000e+00 -5.3595916e+01 
 1.4125375e+04  1.4125375e+04  0.0000000e+00 -5.3595916e+01 
 1.4454398e+04  1.4454398e+04  0.0000000e+00 -5.3595916e+01 
 1.4791084e+04  1.4791084e+04  0.0000000e+00 -5.3595916e+01 
 1.5135612e+04  1.5135612e+04  0.0000000e+00 -5.3595916e+01 
 1.5488166e+04  1.5488166e+04  0.0000000e+00 -5.3595916e+01 
 1.5848932e+04  1.5848932e+04  0.0000000e+00 -5.3595916e+01 
 1.6218101e+04  1.6218101e+04  0.0000000e+00 -5.3595916e+01 
 1.6595869e+04  1.6595869e+04  0.0000000e+00 -5.3595916e+01 
 1.6982437e+04  1.6982437e+04  0.0000000e+00 -5.3595916e+01 
 1.7378008e+04  1.7378008e+04  0.0000000e+00 -5.3595916e+01 
 1.7782794e+04  1.7782794e+04  0.0000000e+00 -5.3595916e+01 
 1.8197009e+04  1.8197009e+04  0.0000000e+00 -5.3595916e+01 
 1.8620871e+04  1.8620871e+04  0.0000000e+00 -5.3595916e+01 
 1.9054607e+04  1.9054607e+04  0.0000000e+00 -5.3595916e+01 
 1.9498446e+04  1.9498446e+04  0.0000000e+00 -5.3595916e+01 
 1.9952623e+04  1.9952623e+04  0.0000000e+00 -5.3595916e+01 
 2.0417379e+04  2.0417379e+04  0.0000000e+00 -5.3595916e+01 
 2.0892961e+04  2.0892961e+04  0.0000000e+00 -5.3595916e+01 
 2.1379621e+04  2.1379621e+04  0.0000000e+00 -5.3595916e+01 
 2.1877616e+04  2.1877616e+04  0.0000000e+00 -5.3595916e+01 
 2.2387211e+04  2.2387211e+04  0.0000000e+00 -5.3595916e+01 
 2.2908677e+04  2.2908677e+04  0.0000000e+00 -5.3595916e+01 
 2.3442288e+04  2.3442288e+04  0.0000000e+00 -5.3595916e+01 
 2.3988329e+04  2.3988329e+04  0.0000000e+00 -5.3595916e+01 
 2.4547089e+04  2.4547089e+04  0.0000000e+00 -5.3595916e+01 
 2.5118864e+04  2.5118864e+04  0.0000000e+00 -5.3595916e+01 
 2.5703958e+04  2.5703958e+04  0.0000000e+00 -5.3595916e+01 
 2.6302680e+04  2.6302680e+04  0.0000000e+00 -5.3595916e+01 
 2.6915348e+04  2.6915348e+04  0.0000000e+00 -5.3595916e+01 
 2.7542287e+04  2.7542287e+04  0.0000000e+00 -5.3595916e+01 
 2.8183829e+04  2.8183829e+04  0.0000000e+00 -5.3595916e+01 
 2.8840315e+04  2.8840315e+04  0.0000000e+00 -5.3595916e+01 
 2.9512092e+04  2.9512092e+04  0.0000000e+00 -5.3595916e+01 
 3.0199517e+04  3.0199517e+04  0.0000000e+00 -5.3595916e+01 
 3.0902954e+04  3.0902954e+04  0.0000000e+00 -5.3595916e+01 
 3.1622777e+04  3.1622777e+04  0.0000000e+00 -5.3595916e+01 
 3.2359366e+04  3.2359366e+04  0.0000000e+00 -5.3595916e+01 
 3.3113112e+04  3.3113112e+04  0.0000000e+00 -5.3595916e+01 
 3.3884416e+04  3.3884416e+04  0.0000000e+00 -5.3595916e+01 
 3.4673685e+04  3.4673685e+04  0.0000000e+00 -5.3595916e+01 
 3.5481339e+04  3.5481339e+04  0.0000000e+00 -5.3595916e+01 
 3.6307805e+04  3.6307805e+04  0.0000000e+00 -5.3595916e+01 
 3.7153523e+04  3.7153523e+04  0.0000000e+00 -5.3595916e+01 
 3.8018940e+04  3.8018940e+04  0.0000000e+00 -5.3595916e+01 
 3.8904514e+04  3.8904514e+04  0.0000000e+00 -5.3595916e+01 
 3.9810717e+04  3.9810717e+04  0.0000000e+00 -5.3595916e+01 
 4.0738028e+04  4.0738028e+04  0.0000000e+00 -5.3595916e+01 
 4.1686938e+04  4.1686938e+04  0.0000000e+00 -5.3595916e+01 
 4.2657952e+04  4.2657952e+04  0.0000000e+00 -5.3595916e+01 
 4.3651583e+04  4.3651583e+04  0.0000000e+00 -5.3595916e+01 
 4.4668359e+04  4.4668359e+04  0.0000000e+00 -5.3595916e+01 
 4.5708819e+04  4.5708819e+04  0.0000000e+00 -5.3595916e+01 
 4.6773514e+04  4.6773514e+04  0.0000000e+00 -5.3595916e+01 
 4.7863009e+04  4.7863009e+04  0.0000000e+00 -5.3595916e+01 
 4.8977882e+04  4.8977882e+04  0.0000000e+00 -5.3595916e+01 
 5.0118723e+04  5.0118723e+04  0.0000000e+00 -5.3595916e+01 
 5.1286138e+04  5.1286138e+04  0.0000000e+00 -5.3595916e+01 
 5.2480746e+04  5.2480746e+04  0.0000000e+00 -5.3595916e+01 
 5.3703180e+04  5.3703180e+04  0.0000000e+00 -5.3595916e+01 
 5.4954087e+04  5.4954087e+04  0.0000000e+00 -5.3595916e+01 
 5.6234133e+04  5.6234133e+04  0.0000000e+00 -5.3595916e+01 
 5.7543994e+04  5.7543994e+04  0.0000000e+00 -5.3595916e+01 
 5.8884366e+04  5.8884366e+04  0.0000000e+00 -5.3595916e+01 
 6.0255959e+04  6.0255959e+04  0.0000000e+00 -5.3595916e+01 
 6.1659500e+04  6.1659500e+04  0.0000000e+00 -5.3595916e+01 
 6.3095734e+04  6.3095734e+04  0.0000000e+00 -5.3595916e+01 
 6.4565423e+04  6.4565423e+04  0.0000000e+00 -5.3595916e+01 
 6.6069345e+04  6.6069345e+04  0.0000000e+00 -5.3595916e+01 
 6.7608298e+04  6.7608298e+04  0.0000000e+00 -5.3595916e+01 
 6.9183097e+04  6.9183097e+04  0.0000000e+00 -5.3595916e+01 
 7.0794578e+04  7.0794578e+04  0.0000000e+00 -5.3595916e+01 
 7.2443596e+04  7.2443596e+04  0.0000000e+00 -5.3595916e+01 
 7.4131024e+04  7.4131024e+04  0.0000000e+00 -5.3595916e+01 
 7.5857758e+04  7.5857758e+04  0.0000000e+00 -5.3595917e+01 
 7.7624712e+04  7.7624712e+04  0.0000000e+00 -5.3595917e+01 
 7.9432823e+04  7.9432823e+04  0.0000000e+00 -5.3595917e+01 
 8.1283052e+04  8.1283052e+04  0.0000000e+00 -5.3595917e+01 
 8.3176377e+04  8.3176377e+04  0.0000000e+00 -5.3595917e+01 
 8.5113804e+04  8.5113804e+04  0.0000000e+00 -5.3595917e+01 
 8.7096359e+04  8.7096359e+04  0.0000000e+00 -5.3595917e+01 
 8.9125094e+04  8.9125094e+04  0.0000000e+00 -5.3595917e+01 
 9.1201084e+04  9.1201084e+04  0.0000000e+00 -5.3595917e+01 
 9.3325430e+04  9.3325430e+04  0.0000000e+00 -5.3595917e+01 
 9.5499259e+04  9.5499259e+04  0.0000000e+00 -5.3595917e+01 
 9.7723722e+04  9.7723722e+04  0.0000000e+00 -5.3595917e+01 
 1.0000000e+05  1.0000000e+05  0.0000000e+00 -5.3595917e+01 
 1.0232930e+05  1.0232930e+05  0.0000000e+00 -5.3595917e+01 
 1.0471285e+05  1.0471285e+05  0.0000000e+00 -5.3595917e+01 
 1.0715193e+05  1.0715193e+05  0.0000000e+00 -5.3595917e+01 
 1.0964782e+05  1.0964782e+05  0.0000000e+00 -5.3595918e+01 
 1.1220185e+05  1.1220185e+05  0.0000000e+00 -5.3595918e+01 
 1.1481536e+05  1.1481536e+05  0.0000000e+00 -5.3595918e+01 
 1.1748976e+05  1.1748976e+05  0.0000000e+00 -5.3595918e+01 
 1.2022644e+05  1.2022644e+05  0.0000000e+00 -5.3595918e+01 
 1.2302688e+05  1.2302688e+05  0.0000000e+00 -5.3595918e+01 
 1.2589254e+05  1.2589254e+05  0.0000000e+00 -5.3595918e+01 
 1.2882496e+05  1.2882496e+05  0.0000000e+00 -5.3595918e+01 
 1.3182567e+05  1.3182567e+05  0.0000000e+00 -5.3595918e+01 
 1.3489629e+05  1.3489629e+05  0.0000000e+00 -5.3595919e+01 
 1.3803843e+05  1.3803843e+05  0.0000000e+00 -5.3595919e+01 
 1.4125375e+05  1.4125375e+05  0.0000000e+00 -5.3595919e+01 
 1.4454398e+05  1.4454398e+05  0.0000000e+00 -5.3595919e+01 
 1.4791084e+05  1.4791084e+05  0.0000000e+00 -5.3595919e+01 
 1.5135612e+05  1.5135612e+05  0.0000000e+00 -5.3595919e+01 
 1.5488166e+05  1.5488166e+05  0.0000000e+00 -5.3595920e+01 
 1.5848932e+05  1.5848932e+05  0.0000000e+00 -5.3595920e+01 
 1.6218101e+05  1.6218101e+05  0.0000000e+00 -5.3595920e+01 
 1.6595869e+05  1.6595869e+05  0.0000000e+00 -5.3595920e+01 
 1.6982437e+05  1.6982437e+05  0.0000000e+00 -5.3595920e+01 
 1.7378008e+05  1.7378008e+05  0.0000000e+00 -5.3595921e+01 
 1.7782794e+05  1.7782794e+05  0.0000000e+00 -5.3595921e+01 
 1.8197009e+05  1.8197009e+05  0.0000000e+00 -5.3595921e+01 
 1.8620871e+05  1.8620871e+05  0.0000000e+00 -5.3595921e+01 
 1.9054607e+05  1.9054607e+05  0.0000000e+00 -5.3595922e+01 
 1.9498446e+05  1.9498446e+05  0.0000000e+00 -5.3595922e+01 
 1.9952623e+05  1.9952623e+05  0.0000000e+00 -5.3595922e+01 
 2.0417379e+05  2.0417379e+05  0.0000000e+00 -5.3595923e+01 
 2.0892961e+05  2.0892961e+05  0.0000000e+00 -5.3595923e+01 
 2.1379621e+05  2.1379621e+05  0.0000000e+00 -5.3595923e+01 
 2.1877616e+05  2.1877616e+05  0.0000000e+00 -5.3595924e+01 
 2.2387211e+05  2.2387211e+05  0.0000000e+00 -5.3595924e+01 
 2.2908677e+05  2.2908677e+05  0.0000000e+00 -5.3595924e+01 
 2.3442288e+05  2.3442288e+05  0.0000000e+00 -5.3595925e+01 
 2.3988329e+05  2.3988329e+05  0.0000000e+00 -5.3595925e+01 
 2.4547089e+05  2.4547089e+05  0.0000000e+00 -5.3595926e+01 
 2.5118864e+05  2.5118864e+05  0.0000000e+00 -5.3595926e+01 
 2.5703958e+05  2.5703958e+05  0.0000000e+00 -5.3595927e+01 
 2.6302680e+05  2.6302680e+05  0.0000000e+00 -5.3595927e+01 
 2.6915348e+05  2.6915348e+05  0.0000000e+00 -5.3595928e+01 
 2.7542287e+05  2.7542287e+05  0.0000000e+00 -5.3595928e+01 
 2.8183829e+05  2.8183829e+05  0.0000000e+00 -5.3595929e+01 
 2.8840315e+05  2.8840315e+05  0.0000000e+00 -5.3595930e+01 
 2.9512092e+05  2.9512092e+05  0.0000000e+00 -5.3595930e+01 
 3.0199517e+05  3.0199517e+05  0.0000000e+00 -5.3595931e+01 
 3.0902954e+05  3.0902954e+05  0.0000000e+00 -5.3595932e+01 
 3.1622777e+05  3.1622777e+05  0.0000000e+00 -5.3595932e+01 
 3.2359366e+05  3.2359366e+05  0.0000000e+00 -5.3595933e+01 
 3.3113112e+05  3.3113112e+05  0.0000000e+00 -5.3595934e+01 
 3.3884416e+05  3.3884416e+05  0.0000000e+00 -5.3595935e+01 
 3.4673685e+05  3.4673685e+05  0.0000000e+00 -5.3595936e+01 
 3.5481339e+05  3.5481339e+05  0.0000000e+00 -5.3595937e+01 
 3.6307805e+05  3.6307805e+05  0.0000000e+00 -5.3595938e+01 
 3.7153523e+05  3.7153523e+05  0.0000000e+00 -5.3595939e+01 
 3.8018940e+05  3.8018940e+05  0.0000000e+00 -5.3595940e+01 
 3.8904514e+05  3.8904514e+05  0.0000000e+00 -5.3595941e+01 
 3.9810717e+05  3.9810717e+05  0.0000000e+00 -5.3595942e+01 
 4.0738028e+05  4.0738028e+05  0.0000000e+00 -5.3595943e+01 
 4.1686938e+05  4.1686938e+05  0.0000000e+00 -5.3595945e+01 
 4.2657952e+05  4.2657952e+05  0.0000000e+00 -5.3595946e+01 
 4.3651583e+05  4.3651583e+05  0.0000000e+00 -5.3595948e+01 
 4.4668359e+05  4.4668359e+05  0.0000000e+00 -5.3595949e+01 
 4.5708819e+05  4.5708819e+05  0.0000000e+00 -5.3595951e+01 
 4.6773514e+05  4.6773514e+05  0.0000000e+00 -5.3595952e+01 
 4.7863009e+05  4.7863009e+05  0.0000000e+00 -5.3595954e+01 
 4.8977882e+05  4.8977882e+05  0.0000000e+00 -5.3595956e+01 
 5.0118723e+05  5.0118723e+05  0.0000000e+00 -5.3595958e+01 
 5.1286138e+05  5.1286138e+05  0.0000000e+00 -5.3595960e+01 
 5.2480746e+05  5.2480746e+05  0.0000000e+00 -5.3595962e+01 
 5.3703180e+05  5.3703180e+05  0.0000000e+00 -5.3595964e+01 
 5.4954087e+05  5.4954087e+05  0.0000000e+00 -5.3595966e+01 
 5.6234133e+05  5.6234133e+05  0.0000000e+00 -5.3595969e+01 
 5.7543994e+05  5.7543994e+05  0.0000000e+00 -5.3595971e+01 
 5.8884366e+05  5.8884366e+05  0.0000000e+00 -5.3595974e+01 
 6.0255959e+05  6.0255959e+05  0.0000000e+00 -5.3595976e+01 
 6.1659500e+05  6.1659500e+05  0.0000000e+00 -5.3595979e+01 
 6.3095734e+05  6.3095734e+05  0.0000000e+00 -5.3595982e+01 
 6.4565423e+05  6.4565423e+05  0.0000000e+00 -5.3595985e+01 
 6.6069345e+05  6.6069345e+05  0.0000000e+00 -5.3595989e+01 
 6.7608298e+05  6.7608298e+05  0.0000000e+00 -5.3595992e+01 
 6.9183097e+05  6.9183097e+05  0.0000000e+00 -5.3595996e+01 
 7.0794578e+05  7.0794578e+05  0.0000000e+00 -5.3596000e+01 
 7.2443596e+05  7.2443596e+05  0.0000000e+00 -5.3596004e+01 
 7.4131024e+05  7.4131024e+05  0.0000000e+00 -5.3596008e+01 
 7.5857758e+05  7.5857758e+05  0.0000000e+00 -5.3596012e+01 
 7.7624712e+05  7.7624712e+05  0.0000000e+00 -5.3596017e+01 
 7.9432823e+05  7.9432823e+05  0.0000000e+00 -5.3596021e+01 
 8.1283052e+05  8.1283052e+05  0.0000000e+00 -5.3596026e+01 
 8.3176377e+05  8.3176377e+05  0.0000000e+00 -5.3596032e+01 
 8.5113804e+05  8.5113804e+05  0.0000000e+00 -5.3596037e+01 
 8.7096359e+05  8.7096359e+05  0.0000000e+00 -5.3596043e+01 
 8.9125094e+05  8.9125094e+05  0.0000000e+00 -5.3596049e+01 
 9.1201084e+05  9.1201084e+05  0.0000000e+00 -5.3596055e+01 
 9.3325430e+05  9.3325430e+05  0.0000000e+00 -5.3596062e+01 
 9.5499259e+05  9.5499259e+05  0.0000000e+00 -5.3596068e+01 
 9.7723722e+05  9.7723722e+05  0.0000000e+00 -5.3596076e+01 
 1.0000000e+06  1.0000000e+06  0.0000000e+00 -5.3596083e+01 
 1.0232930e+06  1.0232930e+06  0.0000000e+00 -5.3596091e+01 
 1.0471285e+06  1.0471285e+06  0.0000000e+00 -5.3596099e+01 
 1.0715193e+06  1.0715193e+06  0.0000000e+00 -5.3596108e+01 
 1.0964782e+06  1.0964782e+06  0.0000000e+00 -5.3596117e+01 
 1.1220185e+06  1.1220185e+06  0.0000000e+00 -5.3596127e+01 
 1.1481536e+06  1.1481536e+06  0.0000000e+00 -5.3596137e+01 
 1.1748976e+06  1.1748976e+06  0.0000000e+00 -5.3596147e+01 
 1.2022644e+06  1.2022644e+06  0.0000000e+00 -5.3596158e+01 
 1.2302688e+06  1.2302688e+06  0.0000000e+00 -5.3596169e+01 
 1.2589254e+06  1.2589254e+06  0.0000000e+00 -5.3596181e+01 
 1.2882496e+06  1.2882496e+06  0.0000000e+00 -5.3596194e+01 
 1.3182567e+06  1.3182567e+06  0.0000000e+00 -5.3596207e+01 
 1.3489629e+06  1.3489629e+06  0.0000000e+00 -5.3596221e+01 
 1.3803843e+06  1.3803843e+06  0.0000000e+00 -5.3596235e+01 
 1.4125375e+06  1.4125375e+06  0.0000000e+00 -5.3596250e+01 
 1.4454398e+06  1.4454398e+06  0.0000000e+00 -5.3596266e+01 
 1.4791084e+06  1.4791084e+06  0.0000000e+00 -5.3596282e+01 
 1.5135612e+06  1.5135612e+06  0.0000000e+00 -5.3596300e+01 
 1.5488166e+06  1.5488166e+06  0.0000000e+00 -5.3596318e+01 
 1.5848932e+06  1.5848932e+06  0.0000000e+00 -5.3596337e+01 
 1.6218101e+06  1.6218101e+06  0.0000000e+00 -5.3596357e+01 
 1.6595869e+06  1.6595869e+06  0.0000000e+00 -5.3596377e+01 
 1.6982437e+06  1.6982437e+06  0.0000000e+00 -5.3596399e+01 
 1.7378008e+06  1.7378008e+06  0.0000000e+00 -5.3596422e+01 
 1.7782794e+06  1.7782794e+06  0.0000000e+00 -5.3596446e+01 
 1.8197009e+06  1.8197009e+06  0.0000000e+00 -5.3596471e+01 
 1.8620871e+06  1.8620871e+06  0.0000000e+00 -5.3596497e+01 
 1.9054607e+06  1.9054607e+06  0.0000000e+00 -5.3596524e+01 
 1.9498446e+06  1.9498446e+06  0.0000000e+00 -5.3596553e+01 
 1.9952623e+06  1.9952623e+06  0.0000000e+00 -5.3596583e+01 
 2.0417379e+06  2.0417379e+06  0.0000000e+00 -5.3596615e+01 
 2.0892961e+06  2.0892961e+06  0.0000000e+00 -5.3596647e+01 
 2.1379621e+06  2.1379621e+06  0.0000000e+00 -5.3596682e+01 
 2.1877616e+06  2.1877616e+06  0.0000000e+00 -5.3596718e+01 
 2.2387211e+06  2.2387211e+06  0.0000000e+00 -5.3596756e+01 
 2.2908677e+06  2.2908677e+06  0.0000000e+00 -5.3596795e+01 
 2.3442288e+06  2.3442288e+06  0.0000000e+00 -5.3596837e+01 
 2.3988329e+06  2.3988329e+06  0.0000000e+00 -5.3596880e+01 
 2.4547089e+06  2.4547089e+06  0.0000000e+00 -5.3596926e+01 
 2.5118864e+06  2.5118864e+06  0.0000000e+00 -5.3596973e+01 
 2.5703958e+06  2.5703958e+06  0.0000000e+00 -5.3597023e+01 
 2.6302680e+06  2.6302680e+06  0.0000000e+00 -5.3597075e+01 
 2.6915348e+06  2.6915348e+06  0.0000000e+00 -5.3597130e+01 
 2.7542287e+06  2.7542287e+06  0.0000000e+00 -5.3597187e+01 
 2.8183829e+06  2.8183829e+06  0.0000000e+00 -5.3597247e+01 
 2.8840315e+06  2.8840315e+06  0.0000000e+00 -5.3597310e+01 
 2.9512092e+06  2.9512092e+06  0.0000000e+00 -5.3597376e+01 
 3.0199517e+06  3.0199517e+06  0.0000000e+00 -5.3597445e+01 
 3.0902954e+06  3.0902954e+06  0.0000000e+00 -5.3597517e+01 
 3.1622777e+06  3.1622777e+06  0.0000000e+00 -5.3597592e+01 
 3.2359366e+06  3.2359366e+06  0.0000000e+00 -5.3597671e+01 
 3.3113112e+06  3.3113112e+06  0.0000000e+00 -5.3597754e+01 
 3.3884416e+06  3.3884416e+06  0.0000000e+00 -5.3597840e+01 
 3.4673685e+06  3.4673685e+06  0.0000000e+00 -5.3597931e+01 
 3.5481339e+06  3.5481339e+06  0.0000000e+00 -5.3598026e+01 
 3.6307805e+06  3.6307805e+06  0.0000000e+00 -5.3598125e+01 
 3.7153523e+06  3.7153523e+06  0.0000000e+00 -5.3598229e+01 
 3.8018940e+06  3.8018940e+06  0.0000000e+00 -5.3598338e+01 
 3.8904514e+06  3.8904514e+06  0.0000000e+00 -5.3598453e+01 
 3.9810717e+06  3.9810717e+06  0.0000000e+00 -5.3598572e+01 
 4.0738028e+06  4.0738028e+06  0.0000000e+00 -5.3598697e+01 
 4.1686938e+06  4.1686938e+06  0.0000000e+00 -5.3598828e+01 
 4.2657952e+06  4.2657952e+06  0.0000000e+00 -5.3598965e+01 
 4.3651583e+06  4.3651583e+06  0.0000000e+00 -5.3599109e+01 
 4.4668359e+06  4.4668359e+06  0.0000000e+00 -5.3599260e+01 
 4.5708819e+06  4.5708819e+06  0.0000000e+00 -5.3599417e+01 
 4.6773514e+06  4.6773514e+06  0.0000000e+00 -5.3599582e+01 
 4.7863009e+06  4.7863009e+06  0.0000000e+00 -5.3599755e+01 
 4.8977882e+06  4.8977882e+06  0.0000000e+00 -5.3599935e+01 
 5.0118723e+06  5.0118723e+06  0.0000000e+00 -5.3600125e+01 
 5.1286138e+06  5.1286138e+06  0.0000000e+00 -5.3600323e+01 
 5.2480746e+06  5.2480746e+06  0.0000000e+00 -5.3600530e+01 
 5.3703180e+06  5.3703180e+06  0.0000000e+00 -5.3600748e+01 
 5.4954087e+06  5.4954087e+06  0.0000000e+00 -5.3600975e+01 
 5.6234133e+06  5.6234133e+06  0.0000000e+00 -5.3601214e+01 
 5.7543994e+06  5.7543994e+06  0.0000000e+00 -5.3601463e+01 
 5.8884366e+06  5.8884366e+06  0.0000000e+00 -5.3601724e+01 
 6.0255959e+06  6.0255959e+06  0.0000000e+00 -5.3601998e+01 
 6.1659500e+06  6.1659500e+06  0.0000000e+00 -5.3602284e+01 
 6.3095734e+06  6.3095734e+06  0.0000000e+00 -5.3602584e+01 
 6.4565423e+06  6.4565423e+06  0.0000000e+00 -5.3602898e+01 
 6.6069345e+06  6.6069345e+06  0.0000000e+00 -5.3603226e+01 
 6.7608298e+06  6.7608298e+06  0.0000000e+00 -5.3603570e+01 
 6.9183097e+06  6.9183097e+06  0.0000000e+00 -5.3603931e+01 
 7.0794578e+06  7.0794578e+06  0.0000000e+00 -5.3604308e+01 
 7.2443596e+06  7.2443596e+06  0.0000000e+00 -5.3604703e+01 
 7.4131024e+06  7.4131024e+06  0.0000000e+00 -5.3605116e+01 
 7.5857758e+06  7.5857758e+06  0.0000000e+00 -5.3605549e+01 
 7.7624712e+06  7.7624712e+06  0.0000000e+00 -5.3606002e+01 
 7.9432823e+06  7.9432823e+06  0.0000000e+00 -5.3606477e+01 
 8.1283052e+06  8.1283052e+06  0.0000000e+00 -5.3606974e+01 
 8.3176377e+06  8.3176377e+06  0.0000000e+00 -5.3607494e+01 
 8.5113804e+06  8.5113804e+06  0.0000000e+00 -5.3608039e+01 
 8.7096359e+06  8.7096359e+06  0.0000000e+00 -5.3608609e+01 
 8.9125094e+06  8.9125094e+06  0.0000000e+00 -5.3609205e+01 
 9.1201084e+06  9.1201084e+06  0.0000000e+00 -5.3609830e+01 
 9.3325430e+06  9.3325430e+06  0.0000000e+00 -5.3610484e+01 
 9.5499259e+06  9.5499259e+06  0.0000000e+00 -5.3611169e+01 
 9.7723722e+06  9.7723722e+06  0.0000000e+00 -5.3611886e+01 
 1.0000000e+07  1.0000000e+07  0.0000000e+00 -5.3612637e+01 
 1.0232930e+07  1.0232930e+07  0.0000000e+00 -5.3613422e+01 
 1.0471285e+07  1.0471285e+07  0.0000000e+00 -5.3614245e+01 
 1.0715193e+07  1.0715193e+07  0.0000000e+00 -5.3615106e+01 
 1.0964782e+07  1.0964782e+07  0.0000000e+00 -5.3616007e+01 
 1.1220185e+07  1.1220185e+07  0.0000000e+00 -5.3616951e+01 
 1.1481536e+07  1.1481536e+07  0.0000000e+00 -5.3617938e+01 
 1.1748976e+07  1.1748976e+07  0.0000000e+00 -5.3618972e+01 
 1.2022644e+07  1.2022644e+07  0.0000000e+00 -5.3620054e+01 
 1.2302688e+07  1.2302688e+07  0.0000000e+00 -5.3621187e+01 
 1.2589254e+07  1.2589254e+07  0.0000000e+00 -5.3622373e+01 
 1.2882496e+07  1.2882496e+07  0.0000000e+00 -5.3623614e+01 
 1.3182567e+07  1.3182567e+07  0.0000000e+00 -5.3624913e+01 
 1.3489629e+07  1.3489629e+07  0.0000000e+00 -5.3626272e+01 
 1.3803843e+07  1.3803843e+07  0.0000000e+00 -5.3627695e+01 
 1.4125375e+07  1.4125375e+07  0.0000000e+00 -5.3629184e+01 
 1.4454398e+07  1.4454398e+07  0.0000000e+00 -5.3630743e+01 
 1.4791084e+07  1.4791084e+07  0.0000000e+00 -5.3632374e+01 
 1.5135612e+07  1.5135612e+07  0.0000000e+00 -5.3634081e+01 
 1.5488166e+07  1.5488166e+07  0.0000000e+00 -5.3635868e+01 
 1.5848932e+07  1.5848932e+07  0.0000000e+00 -5.3637737e+01 
 1.6218101e+07  1.6218101e+07  0.0000000e+00 -5.3639693e+01 
 1.6595869e+07  1.6595869e+07  0.0000000e+00 -5.3641740e+01 
 1.6982437e+07  1.6982437e+07  0.0000000e+00 -5.3643882e+01 
 1.7378008e+07  1.7378008e+07  0.0000000e+00 -5.3646124e+01 
 1.7782794e+07  1.7782794e+07  0.0000000e+00 -5.3648469e+01 
 1.8197009e+07  1.8197009e+07  0.0000000e+00 -5.3650922e+01 
 1.8620871e+07  1.8620871e+07  0.0000000e+00 -5.3653489e+01 
 1.9054607e+07  1.9054607e+07  0.0000000e+00 -5.3656175e+01 
 1.9498446e+07  1.9498446e+07  0.0000000e+00 -5.3658984e+01 
 1.9952623e+07  1.9952623e+07  0.0000000e+00 -5.3661923e+01 
 2.0417379e+07  2.0417379e+07  0.0000000e+00 -5.3664998e+01 
 2.0892961e+07  2.0892961e+07  0.0000000e+00 -5.3668213e+01 
 2.1379621e+07  2.1379621e+07  0.0000000e+00 -5.3671577e+01 
 2.1877616e+07  2.1877616e+07  0.0000000e+00 -5.3675095e+01 
 2.2387211e+07  2.2387211e+07  0.0000000e+00 -5.3678774e+01 
 2.2908677e+07  2.2908677e+07  0.0000000e+00 -5.3682621e+01 
 2.3442288e+07  2.3442288e+07  0.0000000e+00 -5.3686644e+01 
 2.3988329e+07  2.3988329e+07  0.0000000e+00 -5.3690851e+01 
 2.4547089e+07  2.4547089e+07  0.0000000e+00 -5.3695250e+01 
 2.5118864e+07  2.5118864e+07  0.0000000e+00 -5.3699849e+01 
 2.5703958e+07  2.5703958e+07  0.0000000e+00 -5.3704657e+01 
 2.6302680e+07  2.6302680e+07  0.0000000e+00 -5.3709683e+01 
 2.6915348e+07  2.6915348e+07  0.0000000e+00 -5.3714936e+01 
 2.7542287e+07  2.7542287e+07  0.0000000e+00 -5.3720427e+01 
 2.8183829e+07  2.8183829e+07  0.0000000e+00 -5.3726165e+01 
 2.8840315e+07  2.8840315e+07  0.0000000e+00 -5.3732162e+01 
 2.9512092e+07  2.9512092e+07  0.0000000e+00 -5.3738428e+01 
 3.0199517e+07  3.0199517e+07  0.0000000e+00 -5.3744975e+01 
 3.0902954e+07  3.0902954e+07  0.0000000e+00 -5.3751814e+01 
 3.1622777e+07  3.1622777e+07  0.0000000e+00 -5.3758959e+01 
 3.2359366e+07  3.2359366e+07  0.0000000e+00 -5.3766421e+01 
 3.3113112e+07  3.3113112e+07  0.0000000e+00 -5.3774214e+01 
 3.3884416e+07  3.3884416e+07  0.0000000e+00 -5.3782352e+01 
 3.4673685e+07  3.4673685e+07  0.0000000e+00 -5.3790849e+01 
 3.5481339e+07  3.5481339e+07  0.0000000e+00 -5.3799720e+01 
 3.6307805e+07  3.6307805e+07  0.0000000e+00 -5.3808979e+01 
 3.7153523e+07  3.7153523e+07  0.0000000e+00 -5.3818643e+01 
 3.8018940e+07  3.8018940e+07  0.0000000e+00 -5.3828727e+01 
 3.8904514e+07  3.8904514e+07  0.0000000e+00 -5.3839249e+01 
 3.9810717e+07  3.9810717e+07  0.0000000e+00 -5.3850226e+01 
 4.0738028e+07  4.0738028e+07  0.0000000e+00 -5.3861674e+01 
 4.1686938e+07  4.1686938e+07  0.0000000e+00 -5.3873614e+01 
 4.2657952e+07  4.2657952e+07  0.0000000e+00 -5.3886062e+01 
 4.3651583e+07  4.3651583e+07  0.0000000e+00 -5.3899040e+01 
 4.4668359e+07  4.4668359e+07  0.0000000e+00 -5.3912565e+01 
 4.5708819e+07  4.5708819e+07  0.0000000e+00 -5.3926660e+01 
 4.6773514e+07  4.6773514e+07  0.0000000e+00 -5.3941344e+01 
 4.7863009e+07  4.7863009e+07  0.0000000e+00 -5.3956639e+01 
 4.8977882e+07  4.8977882e+07  0.0000000e+00 -5.3972567e+01 
 5.0118723e+07  5.0118723e+07  0.0000000e+00 -5.3989149e+01 
 5.1286138e+07  5.1286138e+07  0.0000000e+00 -5.4006409e+01 
 5.2480746e+07  5.2480746e+07  0.0000000e+00 -5.4024370e+01 
 5.3703180e+07  5.3703180e+07  0.0000000e+00 -5.4043055e+01 
 5.4954087e+07  5.4954087e+07  0.0000000e+00 -5.4062488e+01 
 5.6234133e+07  5.6234133e+07  0.0000000e+00 -5.4082693e+01 
 5.7543994e+07  5.7543994e+07  0.0000000e+00 -5.4103695e+01 
 5.8884366e+07  5.8884366e+07  0.0000000e+00 -5.4125518e+01 
 6.0255959e+07  6.0255959e+07  0.0000000e+00 -5.4148188e+01 
 6.1659500e+07  6.1659500e+07  0.0000000e+00 -5.4171728e+01 
 6.3095734e+07  6.3095734e+07  0.0000000e+00 -5.4196166e+01 
 6.4565423e+07  6.4565423e+07  0.0000000e+00 -5.4221525e+01 
 6.6069345e+07  6.6069345e+07  0.0000000e+00 -5.4247831e+01 
 6.7608298e+07  6.7608298e+07  0.0000000e+00 -5.4275109e+01 
 6.9183097e+07  6.9183097e+07  0.0000000e+00 -5.4303383e+01 
 7.0794578e+07  7.0794578e+07  0.0000000e+00 -5.4332679e+01 
 7.2443596e+07  7.2443596e+07  0.0000000e+00 -5.4363022e+01 
 7.4131024e+07  7.4131024e+07  0.0000000e+00 -5.4394433e+01 
 7.5857758e+07  7.5857758e+07  0.0000000e+00 -5.4426938e+01 
 7.7624712e+07  7.7624712e+07  0.0000000e+00 -5.4460559e+01 
 7.9432823e+07  7.9432823e+07  0.0000000e+00 -5.4495317e+01 
 8.1283052e+07  8.1283052e+07  0.0000000e+00 -5.4531234e+01 
 8.3176377e+07  8.3176377e+07  0.0000000e+00 -5.4568331e+01 
 8.5113804e+07  8.5113804e+07  0.0000000e+00 -5.4606625e+01 
 8.7096359e+07  8.7096359e+07  0.0000000e+00 -5.4646137e+01 
 8.9125094e+07  8.9125094e+07  0.0000000e+00 -5.4686881e+01 
 9.1201084e+07  9.1201084e+07  0.0000000e+00 -5.4728873e+01 
 9.3325430e+07  9.3325430e+07  0.0000000e+00 -5.4772128e+01 
 9.5499259e+07  9.5499259e+07  0.0000000e+00 -5.4816656e+01 
 9.7723722e+07  9.7723722e+07  0.0000000e+00 -5.4862469e+01 
 1.0000000e+08  1.0000000e+08  0.0000000e+00 -5.4909575e+01 
 1.0232930e+08  1.0232930e+08  0.0000000e+00 -5.4957980e+01 
 1.0471285e+08  1.0471285e+08  0.0000000e+00 -5.5007688e+01 
 1.0715193e+08  1.0715193e+08  0.0000000e+00 -5.5058701e+01 
 1.0964782e+08  1.0964782e+08  0.0000000e+00 -5.5111018e+01 
 1.1220185e+08  1.1220185e+08  0.0000000e+00 -5.5164638e+01 
 1.1481536e+08  1.1481536e+08  0.0000000e+00 -5.5219553e+01 
 1.1748976e+08  1.1748976e+08  0.0000000e+00 -5.5275756e+01 
 1.2022644e+08  1.2022644e+08  0.0000000e+00 -5.5333236e+01 
 1.2302688e+08  1.2302688e+08  0.0000000e+00 -5.5391980e+01 
 1.2589254e+08  1.2589254e+08  0.0000000e+00 -5.5451969e+01 
 1.2882496e+08  1.2882496e+08  0.0000000e+00 -5.5513186e+01 
 1.3182567e+08  1.3182567e+08  0.0000000e+00 -5.5575606e+01 
 1.3489629e+08  1.3489629e+08  0.0000000e+00 -5.5639206e+01 
 1.3803843e+08  1.3803843e+08  0.0000000e+00 -5.5703955e+01 
 1.4125375e+08  1.4125375e+08  0.0000000e+00 -5.5769822e+01 
 1.4454398e+08  1.4454398e+08  0.0000000e+00 -5.5836774e+01 
 1.4791084e+08  1.4791084e+08  0.0000000e+00 -5.5904771e+01 
 1.5135612e+08  1.5135612e+08  0.0000000e+00 -5.5973774e+01 
 1.5488166e+08  1.5488166e+08  0.0000000e+00 -5.6043740e+01 
 1.5848932e+08  1.5848932e+08  0.0000000e+00 -5.6114621e+01 
 1.6218101e+08  1.6218101e+08  0.0000000e+00 -5.6186370e+01 
 1.6595869e+08  1.6595869e+08  0.0000000e+00 -5.6258934e+01 
 1.6982437e+08  1.6982437e+08  0.0000000e+00 -5.6332260e+01 
 1.7378008e+08  1.7378008e+08  0.0000000e+00 -5.6406292e+01 
 1.7782794e+08  1.7782794e+08  0.0000000e+00 -5.6480971e+01 
 1.8197009e+08  1.8197009e+08  0.0000000e+00 -5.6556236e+01 
 1.8620871e+08  1.8620871e+08  0.0000000e+00 -5.6632026e+01 
 1.9054607e+08  1.9054607e+08  0.0000000e+00 -5.6708276e+01 
 1.9498446e+08  1.9498446e+08  0.0000000e+00 -5.6784921e+01 
 1.9952623e+08  1.9952623e+08  0.0000000e+00 -5.6861894e+01 
 2.0417379e+08  2.0417379e+08  0.0000000e+00 -5.6939127e+01 
 2.0892961e+08  2.0892961e+08  0.0000000e+00 -5.7016552e+01 
 2.1379621e+08  2.1379621e+08  0.0000000e+00 -5.7094099e+01 
 2.1877616e+08  2.1877616e+08  0.0000000e+00 -5.7171699e+01 
 2.2387211e+08  2.2387211e+08  0.0000000e+00 -5.7249282e+01 
 2.2908677e+08  2.2908677e+08  0.0000000e+00 -5.7326777e+01 
 2.3442288e+08  2.3442288e+08  0.0000000e+00 -5.7404116e+01 
 2.3988329e+08  2.3988329e+08  0.0000000e+00 -5.7481229e+01 
 2.4547089e+08  2.4547089e+08  0.0000000e+00 -5.7558049e+01 
 2.5118864e+08  2.5118864e+08  0.0000000e+00 -5.7634507e+01 
 2.5703958e+08  2.5703958e+08  0.0000000e+00 -5.7710538e+01 
 2.6302680e+08  2.6302680e+08  0.0000000e+00 -5.7786076e+01 
 2.6915348e+08  2.6915348e+08  0.0000000e+00 -5.7861060e+01 
 2.7542287e+08  2.7542287e+08  0.0000000e+00 -5.7935426e+01 
 2.8183829e+08  2.8183829e+08  0.0000000e+00 -5.8009116e+01 
 2.8840315e+08  2.8840315e+08  0.0000000e+00 -5.8082073e+01 
 2.9512092e+08  2.9512092e+08  0.0000000e+00 -5.8154241e+01 
 3.0199517e+08  3.0199517e+08  0.0000000e+00 -5.8225567e+01 
 3.0902954e+08  3.0902954e+08  0.0000000e+00 -5.8296002e+01 
 3.1622777e+08  3.1622777e+08  0.0000000e+00 -5.8365497e+01 
 3.2359366e+08  3.2359366e+08  0.0000000e+00 -5.8434009e+01 
 3.3113112e+08  3.3113112e+08  0.0000000e+00 -5.8501494e+01 
 3.3884416e+08  3.3884416e+08  0.0000000e+00 -5.8567914e+01 
 3.4673685e+08  3.4673685e+08  0.0000000e+00 -5.8633233e+01 
 3.5481339e+08  3.5481339e+08  0.0000000e+00 -5.8697417e+01 
 3.6307805e+08  3.6307805e+08  0.0000000e+00 -5.8760437e+01 
 3.7153523e+08  3.7153523e+08  0.0000000e+00 -5.8822265e+01 
 3.8018940e+08  3.8018940e+08  0.0000000e+00 -5.8882877e+01 
 3.8904514e+08  3.8904514e+08  0.0000000e+00 -5.8942253e+01 
 3.9810717e+08  3.9810717e+08  0.0000000e+00 -5.9000373e+01 
 4.0738028e+08  4.0738028e+08  0.0000000e+00 -5.9057223e+01 
 4.1686938e+08  4.1686938e+08  0.0000000e+00 -5.9112790e+01 
 4.2657952e+08  4.2657952e+08  0.0000000e+00 -5.9167064e+01 
 4.3651583e+08  4.3651583e+08  0.0000000e+00 -5.9220040e+01 
 4.4668359e+08  4.4668359e+08  0.0000000e+00 -5.9271711e+01 
 4.5708819e+08  4.5708819e+08  0.0000000e+00 -5.9322078e+01 
 4.6773514e+08  4.6773514e+08  0.0000000e+00 -5.9371140e+01 
 4.7863009e+08  4.7863009e+08  0.0000000e+00 -5.9418900e+01 
 4.8977882e+08  4.8977882e+08  0.0000000e+00 -5.9465364e+01 
 5.0118723e+08  5.0118723e+08  0.0000000e+00 -5.9510539e+01 
 5.1286138e+08  5.1286138e+08  0.0000000e+00 -5.9554434e+01 
 5.2480746e+08  5.2480746e+08  0.0000000e+00 -5.9597060e+01 
 5.3703180e+08  5.3703180e+08  0.0000000e+00 -5.9638431e+01 
 5.4954087e+08  5.4954087e+08  0.0000000e+00 -5.9678561e+01 
 5.6234133e+08  5.6234133e+08  0.0000000e+00 -5.9717465e+01 
 5.7543994e+08  5.7543994e+08  0.0000000e+00 -5.9755162e+01 
 5.8884366e+08  5.8884366e+08  0.0000000e+00 -5.9791670e+01 
 6.0255959e+08  6.0255959e+08  0.0000000e+00 -5.9827007e+01 
 6.1659500e+08  6.1659500e+08  0.0000000e+00 -5.9861196e+01 
 6.3095734e+08  6.3095734e+08  0.0000000e+00 -5.9894258e+01 
 6.4565423e+08  6.4565423e+08  0.0000000e+00 -5.9926214e+01 
 6.6069345e+08  6.6069345e+08  0.0000000e+00 -5.9957089e+01 
 6.7608298e+08  6.7608298e+08  0.0000000e+00 -5.9986905e+01 
 6.9183097e+08  6.9183097e+08  0.0000000e+00 -6.0015688e+01 
 7.0794578e+08  7.0794578e+08  0.0000000e+00 -6.0043460e+01 
 7.2443596e+08  7.2443596e+08  0.0000000e+00 -6.0070247e+01 
 7.4131024e+08  7.4131024e+08  0.0000000e+00 -6.0096075e+01 
 7.5857758e+08  7.5857758e+08  0.0000000e+00 -6.0120967e+01 
 7.7624712e+08  7.7624712e+08  0.0000000e+00 -6.0144950e+01 
 7.9432823e+08  7.9432823e+08  0.0000000e+00 -6.0168049e+01 
 8.1283052e+08  8.1283052e+08  0.0000000e+00 -6.0190287e+01 
 8.3176377e+08  8.3176377e+08  0.0000000e+00 -6.0211692e+01 
 8.5113804e+08  8.5113804e+08  0.0000000e+00 -6.0232287e+01 
 8.7096359e+08  8.7096359e+08  0.0000000e+00 -6.0252096e+01 
 8.9125094e+08  8.9125094e+08  0.0000000e+00 -6.0271145e+01 
 9.1201084e+08  9.1201084e+08  0.0000000e+00 -6.0289457e+01 
 9.3325430e+08  9.3325430e+08  0.0000000e+00 -6.0307056e+01 
 9.5499259e+08  9.5499259e+08  0.0000000e+00 -6.0323965e+01 
 9.7723722e+08  9.7723722e+08  0.0000000e+00 -6.0340207e+01 
 1.0000000e+09  1.0000000e+09  0.0000000e+00 -6.0355804e+01 
 1.0232930e+09  1.0232930e+09  0.0000000e+00 -6.0370779e+01 
 1.0471285e+09  1.0471285e+09  0.0000000e+00 -6.0385153e+01 
 1.0715193e+09  1.0715193e+09  0.0000000e+00 -6.0398947e+01 
 1.0964782e+09  1.0964782e+09  0.0000000e+00 -6.0412181e+01 
 1.1220185e+09  1.1220185e+09  0.0000000e+00 -6.0424875e+01 
 1.1481536e+09  1.1481536e+09  0.0000000e+00 -6.0437050e+01 
 1.1748976e+09  1.1748976e+09  0.0000000e+00 -6.0448724e+01 
 1.2022644e+09  1.2022644e+09  0.0000000e+00 -6.0459915e+01 
 1.2302688e+09  1.2302688e+09  0.0000000e+00 -6.0470641e+01 
 1.2589254e+09  1.2589254e+09  0.0000000e+00 -6.0480921e+01 
 1.2882496e+09  1.2882496e+09  0.0000000e+00 -6.0490770e+01 
 1.3182567e+09  1.3182567e+09  0.0000000e+00 -6.0500205e+01 
 1.3489629e+09  1.3489629e+09  0.0000000e+00 -6.0509243e+01 
 1.3803843e+09  1.3803843e+09  0.0000000e+00 -6.0517897e+01 
 1.4125375e+09  1.4125375e+09  0.0000000e+00 -6.0526185e+01 
 1.4454398e+09  1.4454398e+09  0.0000000e+00 -6.0534118e+01 
 1.4791084e+09  1.4791084e+09  0.0000000e+00 -6.0541713e+01 
 1.5135612e+09  1.5135612e+09  0.0000000e+00 -6.0548981e+01 
 1.5488166e+09  1.5488166e+09  0.0000000e+00 -6.0555936e+01 
 1.5848932e+09  1.5848932e+09  0.0000000e+00 -6.0562590e+01 
 1.6218101e+09  1.6218101e+09  0.0000000e+00 -6.0568956e+01 
 1.6595869e+09  1.6595869e+09  0.0000000e+00 -6.0575045e+01 
 1.6982437e+09  1.6982437e+09  0.0000000e+00 -6.0580868e+01 
 1.7378008e+09  1.7378008e+09  0.0000000e+00 -6.0586436e+01 
 1.7782794e+09  1.7782794e+09  0.0000000e+00 -6.0591759e+01 
 1.8197009e+09  1.8197009e+09  0.0000000e+00 -6.0596848e+01 
 1.8620871e+09  1.8620871e+09  0.0000000e+00 -6.0601711e+01 
 1.9054607e+09  1.9054607e+09  0.0000000e+00 -6.0606358e+01 
 1.9498446e+09  1.9498446e+09  0.0000000e+00 -6.0610798e+01 
 1.9952623e+09  1.9952623e+09  0.0000000e+00 -6.0615039e+01 
 2.0417379e+09  2.0417379e+09  0.0000000e+00 -6.0619089e+01 
 2.0892961e+09  2.0892961e+09  0.0000000e+00 -6.0622957e+01 
 2.1379621e+09  2.1379621e+09  0.0000000e+00 -6.0626649e+01 
 2.1877616e+09  2.1877616e+09  0.0000000e+00 -6.0630173e+01 
 2.2387211e+09  2.2387211e+09  0.0000000e+00 -6.0633536e+01 
 2.2908677e+09  2.2908677e+09  0.0000000e+00 -6.0636744e+01 
 2.3442288e+09  2.3442288e+09  0.0000000e+00 -6.0639803e+01 
 2.3988329e+09  2.3988329e+09  0.0000000e+00 -6.0642720e+01 
 2.4547089e+09  2.4547089e+09  0.0000000e+00 -6.0645501e+01 
 2.5118864e+09  2.5118864e+09  0.0000000e+00 -6.0648150e+01 
 2.5703958e+09  2.5703958e+09  0.0000000e+00 -6.0650674e+01 
 2.6302680e+09  2.6302680e+09  0.0000000e+00 -6.0653076e+01 
 2.6915348e+09  2.6915348e+09  0.0000000e+00 -6.0655363e+01 
 2.7542287e+09  2.7542287e+09  0.0000000e+00 -6.0657538e+01 
 2.8183829e+09  2.8183829e+09  0.0000000e+00 -6.0659606e+01 
 2.8840315e+09  2.8840315e+09  0.0000000e+00 -6.0661571e+01 
 2.9512092e+09  2.9512092e+09  0.0000000e+00 -6.0663437e+01 
 3.0199517e+09  3.0199517e+09  0.0000000e+00 -6.0665208e+01 
 3.0902954e+09  3.0902954e+09  0.0000000e+00 -6.0666888e+01 
 3.1622777e+09  3.1622777e+09  0.0000000e+00 -6.0668479e+01 
 3.2359366e+09  3.2359366e+09  0.0000000e+00 -6.0669985e+01 
 3.3113112e+09  3.3113112e+09  0.0000000e+00 -6.0671410e+01 
 3.3884416e+09  3.3884416e+09  0.0000000e+00 -6.0672755e+01 
 3.4673685e+09  3.4673685e+09  0.0000000e+00 -6.0674024e+01 
 3.5481339e+09  3.5481339e+09  0.0000000e+00 -6.0675219e+01 
 3.6307805e+09  3.6307805e+09  0.0000000e+00 -6.0676344e+01 
 3.7153523e+09  3.7153523e+09  0.0000000e+00 -6.0677399e+01 
 3.8018940e+09  3.8018940e+09  0.0000000e+00 -6.0678388e+01 
 3.8904514e+09  3.8904514e+09  0.0000000e+00 -6.0679312e+01 
 3.9810717e+09  3.9810717e+09  0.0000000e+00 -6.0680173e+01 
 4.0738028e+09  4.0738028e+09  0.0000000e+00 -6.0680973e+01 
 4.1686938e+09  4.1686938e+09  0.0000000e+00 -6.0681714e+01 
 4.2657952e+09  4.2657952e+09  0.0000000e+00 -6.0682397e+01 
 4.3651583e+09  4.3651583e+09  0.0000000e+00 -6.0683023e+01 
 4.4668359e+09  4.4668359e+09  0.0000000e+00 -6.0683595e+01 
 4.5708819e+09  4.5708819e+09  0.0000000e+00 -6.0684112e+01 
 4.6773514e+09  4.6773514e+09  0.0000000e+00 -6.0684577e+01 
 4.7863009e+09  4.7863009e+09  0.0000000e+00 -6.0684990e+01 
 4.8977882e+09  4.8977882e+09  0.0000000e+00 -6.0685352e+01 
 5.0118723e+09  5.0118723e+09  0.0000000e+00 -6.0685663e+01 
 5.1286138e+09  5.1286138e+09  0.0000000e+00 -6.0685925e+01 
 5.2480746e+09  5.2480746e+09  0.0000000e+00 -6.0686138e+01 
 5.3703180e+09  5.3703180e+09  0.0000000e+00 -6.0686302e+01 
 5.4954087e+09  5.4954087e+09  0.0000000e+00 -6.0686418e+01 
 5.6234133e+09  5.6234133e+09  0.0000000e+00 -6.0686486e+01 
 5.7543994e+09  5.7543994e+09  0.0000000e+00 -6.0686507e+01 
 5.8884366e+09  5.8884366e+09  0.0000000e+00 -6.0686479e+01 
 6.0255959e+09  6.0255959e+09  0.0000000e+00 -6.0686404e+01 
 6.1659500e+09  6.1659500e+09  0.0000000e+00 -6.0686281e+01 
 6.3095734e+09  6.3095734e+09  0.0000000e+00 -6.0686109e+01 
 6.4565423e+09  6.4565423e+09  0.0000000e+00 -6.0685889e+01 
 6.6069345e+09  6.6069345e+09  0.0000000e+00 -6.0685620e+01 
 6.7608298e+09  6.7608298e+09  0.0000000e+00 -6.0685302e+01 
 6.9183097e+09  6.9183097e+09  0.0000000e+00 -6.0684934e+01 
 7.0794578e+09  7.0794578e+09  0.0000000e+00 -6.0684515e+01 
 7.2443596e+09  7.2443596e+09  0.0000000e+00 -6.0684044e+01 
 7.4131024e+09  7.4131024e+09  0.0000000e+00 -6.0683521e+01 
 7.5857758e+09  7.5857758e+09  0.0000000e+00 -6.0682944e+01 
 7.7624712e+09  7.7624712e+09  0.0000000e+00 -6.0682312e+01 
 7.9432823e+09  7.9432823e+09  0.0000000e+00 -6.0681625e+01 
 8.1283052e+09  8.1283052e+09  0.0000000e+00 -6.0680880e+01 
 8.3176377e+09  8.3176377e+09  0.0000000e+00 -6.0680076e+01 
 8.5113804e+09  8.5113804e+09  0.0000000e+00 -6.0679212e+01 
 8.7096359e+09  8.7096359e+09  0.0000000e+00 -6.0678286e+01 
 8.9125094e+09  8.9125094e+09  0.0000000e+00 -6.0677297e+01 
 9.1201084e+09  9.1201084e+09  0.0000000e+00 -6.0676241e+01 
 9.3325430e+09  9.3325430e+09  0.0000000e+00 -6.0675118e+01 
 9.5499259e+09  9.5499259e+09  0.0000000e+00 -6.0673924e+01 
 9.7723722e+09  9.7723722e+09  0.0000000e+00 -6.0672658e+01 
 1.0000000e+10  1.0000000e+10  0.0000000e+00 -6.0671318e+01 
