 frequency      frequency      frequency      db(v(VOUT))   
 1.0000000e+00  1.0000000e+00  0.0000000e+00 -4.4480078e+01 
 1.0232930e+00  1.0232930e+00  0.0000000e+00 -4.4480078e+01 
 1.0471285e+00  1.0471285e+00  0.0000000e+00 -4.4480078e+01 
 1.0715193e+00  1.0715193e+00  0.0000000e+00 -4.4480078e+01 
 1.0964782e+00  1.0964782e+00  0.0000000e+00 -4.4480078e+01 
 1.1220185e+00  1.1220185e+00  0.0000000e+00 -4.4480078e+01 
 1.1481536e+00  1.1481536e+00  0.0000000e+00 -4.4480078e+01 
 1.1748976e+00  1.1748976e+00  0.0000000e+00 -4.4480078e+01 
 1.2022644e+00  1.2022644e+00  0.0000000e+00 -4.4480078e+01 
 1.2302688e+00  1.2302688e+00  0.0000000e+00 -4.4480078e+01 
 1.2589254e+00  1.2589254e+00  0.0000000e+00 -4.4480078e+01 
 1.2882496e+00  1.2882496e+00  0.0000000e+00 -4.4480078e+01 
 1.3182567e+00  1.3182567e+00  0.0000000e+00 -4.4480078e+01 
 1.3489629e+00  1.3489629e+00  0.0000000e+00 -4.4480078e+01 
 1.3803843e+00  1.3803843e+00  0.0000000e+00 -4.4480078e+01 
 1.4125375e+00  1.4125375e+00  0.0000000e+00 -4.4480078e+01 
 1.4454398e+00  1.4454398e+00  0.0000000e+00 -4.4480078e+01 
 1.4791084e+00  1.4791084e+00  0.0000000e+00 -4.4480078e+01 
 1.5135612e+00  1.5135612e+00  0.0000000e+00 -4.4480078e+01 
 1.5488166e+00  1.5488166e+00  0.0000000e+00 -4.4480078e+01 
 1.5848932e+00  1.5848932e+00  0.0000000e+00 -4.4480078e+01 
 1.6218101e+00  1.6218101e+00  0.0000000e+00 -4.4480078e+01 
 1.6595869e+00  1.6595869e+00  0.0000000e+00 -4.4480078e+01 
 1.6982437e+00  1.6982437e+00  0.0000000e+00 -4.4480078e+01 
 1.7378008e+00  1.7378008e+00  0.0000000e+00 -4.4480078e+01 
 1.7782794e+00  1.7782794e+00  0.0000000e+00 -4.4480078e+01 
 1.8197009e+00  1.8197009e+00  0.0000000e+00 -4.4480078e+01 
 1.8620871e+00  1.8620871e+00  0.0000000e+00 -4.4480078e+01 
 1.9054607e+00  1.9054607e+00  0.0000000e+00 -4.4480078e+01 
 1.9498446e+00  1.9498446e+00  0.0000000e+00 -4.4480078e+01 
 1.9952623e+00  1.9952623e+00  0.0000000e+00 -4.4480078e+01 
 2.0417379e+00  2.0417379e+00  0.0000000e+00 -4.4480078e+01 
 2.0892961e+00  2.0892961e+00  0.0000000e+00 -4.4480078e+01 
 2.1379621e+00  2.1379621e+00  0.0000000e+00 -4.4480078e+01 
 2.1877616e+00  2.1877616e+00  0.0000000e+00 -4.4480078e+01 
 2.2387211e+00  2.2387211e+00  0.0000000e+00 -4.4480078e+01 
 2.2908677e+00  2.2908677e+00  0.0000000e+00 -4.4480078e+01 
 2.3442288e+00  2.3442288e+00  0.0000000e+00 -4.4480078e+01 
 2.3988329e+00  2.3988329e+00  0.0000000e+00 -4.4480078e+01 
 2.4547089e+00  2.4547089e+00  0.0000000e+00 -4.4480078e+01 
 2.5118864e+00  2.5118864e+00  0.0000000e+00 -4.4480078e+01 
 2.5703958e+00  2.5703958e+00  0.0000000e+00 -4.4480078e+01 
 2.6302680e+00  2.6302680e+00  0.0000000e+00 -4.4480078e+01 
 2.6915348e+00  2.6915348e+00  0.0000000e+00 -4.4480078e+01 
 2.7542287e+00  2.7542287e+00  0.0000000e+00 -4.4480078e+01 
 2.8183829e+00  2.8183829e+00  0.0000000e+00 -4.4480078e+01 
 2.8840315e+00  2.8840315e+00  0.0000000e+00 -4.4480078e+01 
 2.9512092e+00  2.9512092e+00  0.0000000e+00 -4.4480078e+01 
 3.0199517e+00  3.0199517e+00  0.0000000e+00 -4.4480078e+01 
 3.0902954e+00  3.0902954e+00  0.0000000e+00 -4.4480078e+01 
 3.1622777e+00  3.1622777e+00  0.0000000e+00 -4.4480078e+01 
 3.2359366e+00  3.2359366e+00  0.0000000e+00 -4.4480078e+01 
 3.3113112e+00  3.3113112e+00  0.0000000e+00 -4.4480078e+01 
 3.3884416e+00  3.3884416e+00  0.0000000e+00 -4.4480078e+01 
 3.4673685e+00  3.4673685e+00  0.0000000e+00 -4.4480078e+01 
 3.5481339e+00  3.5481339e+00  0.0000000e+00 -4.4480078e+01 
 3.6307805e+00  3.6307805e+00  0.0000000e+00 -4.4480078e+01 
 3.7153523e+00  3.7153523e+00  0.0000000e+00 -4.4480078e+01 
 3.8018940e+00  3.8018940e+00  0.0000000e+00 -4.4480078e+01 
 3.8904514e+00  3.8904514e+00  0.0000000e+00 -4.4480078e+01 
 3.9810717e+00  3.9810717e+00  0.0000000e+00 -4.4480078e+01 
 4.0738028e+00  4.0738028e+00  0.0000000e+00 -4.4480078e+01 
 4.1686938e+00  4.1686938e+00  0.0000000e+00 -4.4480078e+01 
 4.2657952e+00  4.2657952e+00  0.0000000e+00 -4.4480078e+01 
 4.3651583e+00  4.3651583e+00  0.0000000e+00 -4.4480078e+01 
 4.4668359e+00  4.4668359e+00  0.0000000e+00 -4.4480078e+01 
 4.5708819e+00  4.5708819e+00  0.0000000e+00 -4.4480078e+01 
 4.6773514e+00  4.6773514e+00  0.0000000e+00 -4.4480078e+01 
 4.7863009e+00  4.7863009e+00  0.0000000e+00 -4.4480078e+01 
 4.8977882e+00  4.8977882e+00  0.0000000e+00 -4.4480078e+01 
 5.0118723e+00  5.0118723e+00  0.0000000e+00 -4.4480078e+01 
 5.1286138e+00  5.1286138e+00  0.0000000e+00 -4.4480078e+01 
 5.2480746e+00  5.2480746e+00  0.0000000e+00 -4.4480078e+01 
 5.3703180e+00  5.3703180e+00  0.0000000e+00 -4.4480078e+01 
 5.4954087e+00  5.4954087e+00  0.0000000e+00 -4.4480078e+01 
 5.6234133e+00  5.6234133e+00  0.0000000e+00 -4.4480078e+01 
 5.7543994e+00  5.7543994e+00  0.0000000e+00 -4.4480078e+01 
 5.8884366e+00  5.8884366e+00  0.0000000e+00 -4.4480078e+01 
 6.0255959e+00  6.0255959e+00  0.0000000e+00 -4.4480078e+01 
 6.1659500e+00  6.1659500e+00  0.0000000e+00 -4.4480078e+01 
 6.3095734e+00  6.3095734e+00  0.0000000e+00 -4.4480078e+01 
 6.4565423e+00  6.4565423e+00  0.0000000e+00 -4.4480078e+01 
 6.6069345e+00  6.6069345e+00  0.0000000e+00 -4.4480078e+01 
 6.7608298e+00  6.7608298e+00  0.0000000e+00 -4.4480078e+01 
 6.9183097e+00  6.9183097e+00  0.0000000e+00 -4.4480078e+01 
 7.0794578e+00  7.0794578e+00  0.0000000e+00 -4.4480078e+01 
 7.2443596e+00  7.2443596e+00  0.0000000e+00 -4.4480078e+01 
 7.4131024e+00  7.4131024e+00  0.0000000e+00 -4.4480078e+01 
 7.5857758e+00  7.5857758e+00  0.0000000e+00 -4.4480078e+01 
 7.7624712e+00  7.7624712e+00  0.0000000e+00 -4.4480078e+01 
 7.9432823e+00  7.9432823e+00  0.0000000e+00 -4.4480078e+01 
 8.1283052e+00  8.1283052e+00  0.0000000e+00 -4.4480078e+01 
 8.3176377e+00  8.3176377e+00  0.0000000e+00 -4.4480078e+01 
 8.5113804e+00  8.5113804e+00  0.0000000e+00 -4.4480078e+01 
 8.7096359e+00  8.7096359e+00  0.0000000e+00 -4.4480078e+01 
 8.9125094e+00  8.9125094e+00  0.0000000e+00 -4.4480078e+01 
 9.1201084e+00  9.1201084e+00  0.0000000e+00 -4.4480078e+01 
 9.3325430e+00  9.3325430e+00  0.0000000e+00 -4.4480078e+01 
 9.5499259e+00  9.5499259e+00  0.0000000e+00 -4.4480078e+01 
 9.7723722e+00  9.7723722e+00  0.0000000e+00 -4.4480078e+01 
 1.0000000e+01  1.0000000e+01  0.0000000e+00 -4.4480078e+01 
 1.0232930e+01  1.0232930e+01  0.0000000e+00 -4.4480078e+01 
 1.0471285e+01  1.0471285e+01  0.0000000e+00 -4.4480078e+01 
 1.0715193e+01  1.0715193e+01  0.0000000e+00 -4.4480078e+01 
 1.0964782e+01  1.0964782e+01  0.0000000e+00 -4.4480078e+01 
 1.1220185e+01  1.1220185e+01  0.0000000e+00 -4.4480078e+01 
 1.1481536e+01  1.1481536e+01  0.0000000e+00 -4.4480078e+01 
 1.1748976e+01  1.1748976e+01  0.0000000e+00 -4.4480078e+01 
 1.2022644e+01  1.2022644e+01  0.0000000e+00 -4.4480078e+01 
 1.2302688e+01  1.2302688e+01  0.0000000e+00 -4.4480078e+01 
 1.2589254e+01  1.2589254e+01  0.0000000e+00 -4.4480078e+01 
 1.2882496e+01  1.2882496e+01  0.0000000e+00 -4.4480078e+01 
 1.3182567e+01  1.3182567e+01  0.0000000e+00 -4.4480078e+01 
 1.3489629e+01  1.3489629e+01  0.0000000e+00 -4.4480078e+01 
 1.3803843e+01  1.3803843e+01  0.0000000e+00 -4.4480078e+01 
 1.4125375e+01  1.4125375e+01  0.0000000e+00 -4.4480078e+01 
 1.4454398e+01  1.4454398e+01  0.0000000e+00 -4.4480078e+01 
 1.4791084e+01  1.4791084e+01  0.0000000e+00 -4.4480078e+01 
 1.5135612e+01  1.5135612e+01  0.0000000e+00 -4.4480078e+01 
 1.5488166e+01  1.5488166e+01  0.0000000e+00 -4.4480078e+01 
 1.5848932e+01  1.5848932e+01  0.0000000e+00 -4.4480078e+01 
 1.6218101e+01  1.6218101e+01  0.0000000e+00 -4.4480078e+01 
 1.6595869e+01  1.6595869e+01  0.0000000e+00 -4.4480078e+01 
 1.6982437e+01  1.6982437e+01  0.0000000e+00 -4.4480078e+01 
 1.7378008e+01  1.7378008e+01  0.0000000e+00 -4.4480078e+01 
 1.7782794e+01  1.7782794e+01  0.0000000e+00 -4.4480078e+01 
 1.8197009e+01  1.8197009e+01  0.0000000e+00 -4.4480078e+01 
 1.8620871e+01  1.8620871e+01  0.0000000e+00 -4.4480078e+01 
 1.9054607e+01  1.9054607e+01  0.0000000e+00 -4.4480078e+01 
 1.9498446e+01  1.9498446e+01  0.0000000e+00 -4.4480078e+01 
 1.9952623e+01  1.9952623e+01  0.0000000e+00 -4.4480078e+01 
 2.0417379e+01  2.0417379e+01  0.0000000e+00 -4.4480078e+01 
 2.0892961e+01  2.0892961e+01  0.0000000e+00 -4.4480078e+01 
 2.1379621e+01  2.1379621e+01  0.0000000e+00 -4.4480078e+01 
 2.1877616e+01  2.1877616e+01  0.0000000e+00 -4.4480078e+01 
 2.2387211e+01  2.2387211e+01  0.0000000e+00 -4.4480078e+01 
 2.2908677e+01  2.2908677e+01  0.0000000e+00 -4.4480078e+01 
 2.3442288e+01  2.3442288e+01  0.0000000e+00 -4.4480078e+01 
 2.3988329e+01  2.3988329e+01  0.0000000e+00 -4.4480078e+01 
 2.4547089e+01  2.4547089e+01  0.0000000e+00 -4.4480078e+01 
 2.5118864e+01  2.5118864e+01  0.0000000e+00 -4.4480078e+01 
 2.5703958e+01  2.5703958e+01  0.0000000e+00 -4.4480078e+01 
 2.6302680e+01  2.6302680e+01  0.0000000e+00 -4.4480078e+01 
 2.6915348e+01  2.6915348e+01  0.0000000e+00 -4.4480078e+01 
 2.7542287e+01  2.7542287e+01  0.0000000e+00 -4.4480078e+01 
 2.8183829e+01  2.8183829e+01  0.0000000e+00 -4.4480078e+01 
 2.8840315e+01  2.8840315e+01  0.0000000e+00 -4.4480078e+01 
 2.9512092e+01  2.9512092e+01  0.0000000e+00 -4.4480078e+01 
 3.0199517e+01  3.0199517e+01  0.0000000e+00 -4.4480078e+01 
 3.0902954e+01  3.0902954e+01  0.0000000e+00 -4.4480078e+01 
 3.1622777e+01  3.1622777e+01  0.0000000e+00 -4.4480078e+01 
 3.2359366e+01  3.2359366e+01  0.0000000e+00 -4.4480078e+01 
 3.3113112e+01  3.3113112e+01  0.0000000e+00 -4.4480078e+01 
 3.3884416e+01  3.3884416e+01  0.0000000e+00 -4.4480078e+01 
 3.4673685e+01  3.4673685e+01  0.0000000e+00 -4.4480078e+01 
 3.5481339e+01  3.5481339e+01  0.0000000e+00 -4.4480078e+01 
 3.6307805e+01  3.6307805e+01  0.0000000e+00 -4.4480078e+01 
 3.7153523e+01  3.7153523e+01  0.0000000e+00 -4.4480078e+01 
 3.8018940e+01  3.8018940e+01  0.0000000e+00 -4.4480078e+01 
 3.8904514e+01  3.8904514e+01  0.0000000e+00 -4.4480078e+01 
 3.9810717e+01  3.9810717e+01  0.0000000e+00 -4.4480078e+01 
 4.0738028e+01  4.0738028e+01  0.0000000e+00 -4.4480078e+01 
 4.1686938e+01  4.1686938e+01  0.0000000e+00 -4.4480078e+01 
 4.2657952e+01  4.2657952e+01  0.0000000e+00 -4.4480078e+01 
 4.3651583e+01  4.3651583e+01  0.0000000e+00 -4.4480078e+01 
 4.4668359e+01  4.4668359e+01  0.0000000e+00 -4.4480078e+01 
 4.5708819e+01  4.5708819e+01  0.0000000e+00 -4.4480078e+01 
 4.6773514e+01  4.6773514e+01  0.0000000e+00 -4.4480078e+01 
 4.7863009e+01  4.7863009e+01  0.0000000e+00 -4.4480078e+01 
 4.8977882e+01  4.8977882e+01  0.0000000e+00 -4.4480078e+01 
 5.0118723e+01  5.0118723e+01  0.0000000e+00 -4.4480078e+01 
 5.1286138e+01  5.1286138e+01  0.0000000e+00 -4.4480078e+01 
 5.2480746e+01  5.2480746e+01  0.0000000e+00 -4.4480078e+01 
 5.3703180e+01  5.3703180e+01  0.0000000e+00 -4.4480078e+01 
 5.4954087e+01  5.4954087e+01  0.0000000e+00 -4.4480078e+01 
 5.6234133e+01  5.6234133e+01  0.0000000e+00 -4.4480078e+01 
 5.7543994e+01  5.7543994e+01  0.0000000e+00 -4.4480078e+01 
 5.8884366e+01  5.8884366e+01  0.0000000e+00 -4.4480078e+01 
 6.0255959e+01  6.0255959e+01  0.0000000e+00 -4.4480078e+01 
 6.1659500e+01  6.1659500e+01  0.0000000e+00 -4.4480078e+01 
 6.3095734e+01  6.3095734e+01  0.0000000e+00 -4.4480078e+01 
 6.4565423e+01  6.4565423e+01  0.0000000e+00 -4.4480078e+01 
 6.6069345e+01  6.6069345e+01  0.0000000e+00 -4.4480078e+01 
 6.7608298e+01  6.7608298e+01  0.0000000e+00 -4.4480078e+01 
 6.9183097e+01  6.9183097e+01  0.0000000e+00 -4.4480078e+01 
 7.0794578e+01  7.0794578e+01  0.0000000e+00 -4.4480078e+01 
 7.2443596e+01  7.2443596e+01  0.0000000e+00 -4.4480078e+01 
 7.4131024e+01  7.4131024e+01  0.0000000e+00 -4.4480078e+01 
 7.5857758e+01  7.5857758e+01  0.0000000e+00 -4.4480078e+01 
 7.7624712e+01  7.7624712e+01  0.0000000e+00 -4.4480078e+01 
 7.9432823e+01  7.9432823e+01  0.0000000e+00 -4.4480078e+01 
 8.1283052e+01  8.1283052e+01  0.0000000e+00 -4.4480078e+01 
 8.3176377e+01  8.3176377e+01  0.0000000e+00 -4.4480078e+01 
 8.5113804e+01  8.5113804e+01  0.0000000e+00 -4.4480078e+01 
 8.7096359e+01  8.7096359e+01  0.0000000e+00 -4.4480078e+01 
 8.9125094e+01  8.9125094e+01  0.0000000e+00 -4.4480078e+01 
 9.1201084e+01  9.1201084e+01  0.0000000e+00 -4.4480078e+01 
 9.3325430e+01  9.3325430e+01  0.0000000e+00 -4.4480078e+01 
 9.5499259e+01  9.5499259e+01  0.0000000e+00 -4.4480078e+01 
 9.7723722e+01  9.7723722e+01  0.0000000e+00 -4.4480078e+01 
 1.0000000e+02  1.0000000e+02  0.0000000e+00 -4.4480078e+01 
 1.0232930e+02  1.0232930e+02  0.0000000e+00 -4.4480078e+01 
 1.0471285e+02  1.0471285e+02  0.0000000e+00 -4.4480078e+01 
 1.0715193e+02  1.0715193e+02  0.0000000e+00 -4.4480078e+01 
 1.0964782e+02  1.0964782e+02  0.0000000e+00 -4.4480078e+01 
 1.1220185e+02  1.1220185e+02  0.0000000e+00 -4.4480078e+01 
 1.1481536e+02  1.1481536e+02  0.0000000e+00 -4.4480078e+01 
 1.1748976e+02  1.1748976e+02  0.0000000e+00 -4.4480078e+01 
 1.2022644e+02  1.2022644e+02  0.0000000e+00 -4.4480078e+01 
 1.2302688e+02  1.2302688e+02  0.0000000e+00 -4.4480078e+01 
 1.2589254e+02  1.2589254e+02  0.0000000e+00 -4.4480078e+01 
 1.2882496e+02  1.2882496e+02  0.0000000e+00 -4.4480078e+01 
 1.3182567e+02  1.3182567e+02  0.0000000e+00 -4.4480078e+01 
 1.3489629e+02  1.3489629e+02  0.0000000e+00 -4.4480078e+01 
 1.3803843e+02  1.3803843e+02  0.0000000e+00 -4.4480078e+01 
 1.4125375e+02  1.4125375e+02  0.0000000e+00 -4.4480078e+01 
 1.4454398e+02  1.4454398e+02  0.0000000e+00 -4.4480078e+01 
 1.4791084e+02  1.4791084e+02  0.0000000e+00 -4.4480078e+01 
 1.5135612e+02  1.5135612e+02  0.0000000e+00 -4.4480078e+01 
 1.5488166e+02  1.5488166e+02  0.0000000e+00 -4.4480078e+01 
 1.5848932e+02  1.5848932e+02  0.0000000e+00 -4.4480078e+01 
 1.6218101e+02  1.6218101e+02  0.0000000e+00 -4.4480078e+01 
 1.6595869e+02  1.6595869e+02  0.0000000e+00 -4.4480078e+01 
 1.6982437e+02  1.6982437e+02  0.0000000e+00 -4.4480078e+01 
 1.7378008e+02  1.7378008e+02  0.0000000e+00 -4.4480078e+01 
 1.7782794e+02  1.7782794e+02  0.0000000e+00 -4.4480078e+01 
 1.8197009e+02  1.8197009e+02  0.0000000e+00 -4.4480078e+01 
 1.8620871e+02  1.8620871e+02  0.0000000e+00 -4.4480078e+01 
 1.9054607e+02  1.9054607e+02  0.0000000e+00 -4.4480078e+01 
 1.9498446e+02  1.9498446e+02  0.0000000e+00 -4.4480078e+01 
 1.9952623e+02  1.9952623e+02  0.0000000e+00 -4.4480078e+01 
 2.0417379e+02  2.0417379e+02  0.0000000e+00 -4.4480078e+01 
 2.0892961e+02  2.0892961e+02  0.0000000e+00 -4.4480078e+01 
 2.1379621e+02  2.1379621e+02  0.0000000e+00 -4.4480078e+01 
 2.1877616e+02  2.1877616e+02  0.0000000e+00 -4.4480078e+01 
 2.2387211e+02  2.2387211e+02  0.0000000e+00 -4.4480078e+01 
 2.2908677e+02  2.2908677e+02  0.0000000e+00 -4.4480078e+01 
 2.3442288e+02  2.3442288e+02  0.0000000e+00 -4.4480078e+01 
 2.3988329e+02  2.3988329e+02  0.0000000e+00 -4.4480078e+01 
 2.4547089e+02  2.4547089e+02  0.0000000e+00 -4.4480078e+01 
 2.5118864e+02  2.5118864e+02  0.0000000e+00 -4.4480078e+01 
 2.5703958e+02  2.5703958e+02  0.0000000e+00 -4.4480078e+01 
 2.6302680e+02  2.6302680e+02  0.0000000e+00 -4.4480078e+01 
 2.6915348e+02  2.6915348e+02  0.0000000e+00 -4.4480078e+01 
 2.7542287e+02  2.7542287e+02  0.0000000e+00 -4.4480078e+01 
 2.8183829e+02  2.8183829e+02  0.0000000e+00 -4.4480078e+01 
 2.8840315e+02  2.8840315e+02  0.0000000e+00 -4.4480078e+01 
 2.9512092e+02  2.9512092e+02  0.0000000e+00 -4.4480078e+01 
 3.0199517e+02  3.0199517e+02  0.0000000e+00 -4.4480078e+01 
 3.0902954e+02  3.0902954e+02  0.0000000e+00 -4.4480078e+01 
 3.1622777e+02  3.1622777e+02  0.0000000e+00 -4.4480078e+01 
 3.2359366e+02  3.2359366e+02  0.0000000e+00 -4.4480078e+01 
 3.3113112e+02  3.3113112e+02  0.0000000e+00 -4.4480078e+01 
 3.3884416e+02  3.3884416e+02  0.0000000e+00 -4.4480078e+01 
 3.4673685e+02  3.4673685e+02  0.0000000e+00 -4.4480078e+01 
 3.5481339e+02  3.5481339e+02  0.0000000e+00 -4.4480078e+01 
 3.6307805e+02  3.6307805e+02  0.0000000e+00 -4.4480078e+01 
 3.7153523e+02  3.7153523e+02  0.0000000e+00 -4.4480078e+01 
 3.8018940e+02  3.8018940e+02  0.0000000e+00 -4.4480078e+01 
 3.8904514e+02  3.8904514e+02  0.0000000e+00 -4.4480078e+01 
 3.9810717e+02  3.9810717e+02  0.0000000e+00 -4.4480078e+01 
 4.0738028e+02  4.0738028e+02  0.0000000e+00 -4.4480078e+01 
 4.1686938e+02  4.1686938e+02  0.0000000e+00 -4.4480078e+01 
 4.2657952e+02  4.2657952e+02  0.0000000e+00 -4.4480078e+01 
 4.3651583e+02  4.3651583e+02  0.0000000e+00 -4.4480078e+01 
 4.4668359e+02  4.4668359e+02  0.0000000e+00 -4.4480078e+01 
 4.5708819e+02  4.5708819e+02  0.0000000e+00 -4.4480078e+01 
 4.6773514e+02  4.6773514e+02  0.0000000e+00 -4.4480078e+01 
 4.7863009e+02  4.7863009e+02  0.0000000e+00 -4.4480078e+01 
 4.8977882e+02  4.8977882e+02  0.0000000e+00 -4.4480078e+01 
 5.0118723e+02  5.0118723e+02  0.0000000e+00 -4.4480078e+01 
 5.1286138e+02  5.1286138e+02  0.0000000e+00 -4.4480078e+01 
 5.2480746e+02  5.2480746e+02  0.0000000e+00 -4.4480078e+01 
 5.3703180e+02  5.3703180e+02  0.0000000e+00 -4.4480078e+01 
 5.4954087e+02  5.4954087e+02  0.0000000e+00 -4.4480078e+01 
 5.6234133e+02  5.6234133e+02  0.0000000e+00 -4.4480078e+01 
 5.7543994e+02  5.7543994e+02  0.0000000e+00 -4.4480078e+01 
 5.8884366e+02  5.8884366e+02  0.0000000e+00 -4.4480078e+01 
 6.0255959e+02  6.0255959e+02  0.0000000e+00 -4.4480078e+01 
 6.1659500e+02  6.1659500e+02  0.0000000e+00 -4.4480078e+01 
 6.3095734e+02  6.3095734e+02  0.0000000e+00 -4.4480078e+01 
 6.4565423e+02  6.4565423e+02  0.0000000e+00 -4.4480078e+01 
 6.6069345e+02  6.6069345e+02  0.0000000e+00 -4.4480078e+01 
 6.7608298e+02  6.7608298e+02  0.0000000e+00 -4.4480078e+01 
 6.9183097e+02  6.9183097e+02  0.0000000e+00 -4.4480078e+01 
 7.0794578e+02  7.0794578e+02  0.0000000e+00 -4.4480078e+01 
 7.2443596e+02  7.2443596e+02  0.0000000e+00 -4.4480078e+01 
 7.4131024e+02  7.4131024e+02  0.0000000e+00 -4.4480078e+01 
 7.5857758e+02  7.5857758e+02  0.0000000e+00 -4.4480078e+01 
 7.7624712e+02  7.7624712e+02  0.0000000e+00 -4.4480078e+01 
 7.9432823e+02  7.9432823e+02  0.0000000e+00 -4.4480078e+01 
 8.1283052e+02  8.1283052e+02  0.0000000e+00 -4.4480078e+01 
 8.3176377e+02  8.3176377e+02  0.0000000e+00 -4.4480078e+01 
 8.5113804e+02  8.5113804e+02  0.0000000e+00 -4.4480078e+01 
 8.7096359e+02  8.7096359e+02  0.0000000e+00 -4.4480078e+01 
 8.9125094e+02  8.9125094e+02  0.0000000e+00 -4.4480078e+01 
 9.1201084e+02  9.1201084e+02  0.0000000e+00 -4.4480078e+01 
 9.3325430e+02  9.3325430e+02  0.0000000e+00 -4.4480078e+01 
 9.5499259e+02  9.5499259e+02  0.0000000e+00 -4.4480078e+01 
 9.7723722e+02  9.7723722e+02  0.0000000e+00 -4.4480078e+01 
 1.0000000e+03  1.0000000e+03  0.0000000e+00 -4.4480078e+01 
 1.0232930e+03  1.0232930e+03  0.0000000e+00 -4.4480078e+01 
 1.0471285e+03  1.0471285e+03  0.0000000e+00 -4.4480078e+01 
 1.0715193e+03  1.0715193e+03  0.0000000e+00 -4.4480078e+01 
 1.0964782e+03  1.0964782e+03  0.0000000e+00 -4.4480078e+01 
 1.1220185e+03  1.1220185e+03  0.0000000e+00 -4.4480078e+01 
 1.1481536e+03  1.1481536e+03  0.0000000e+00 -4.4480078e+01 
 1.1748976e+03  1.1748976e+03  0.0000000e+00 -4.4480078e+01 
 1.2022644e+03  1.2022644e+03  0.0000000e+00 -4.4480078e+01 
 1.2302688e+03  1.2302688e+03  0.0000000e+00 -4.4480078e+01 
 1.2589254e+03  1.2589254e+03  0.0000000e+00 -4.4480078e+01 
 1.2882496e+03  1.2882496e+03  0.0000000e+00 -4.4480078e+01 
 1.3182567e+03  1.3182567e+03  0.0000000e+00 -4.4480078e+01 
 1.3489629e+03  1.3489629e+03  0.0000000e+00 -4.4480078e+01 
 1.3803843e+03  1.3803843e+03  0.0000000e+00 -4.4480078e+01 
 1.4125375e+03  1.4125375e+03  0.0000000e+00 -4.4480078e+01 
 1.4454398e+03  1.4454398e+03  0.0000000e+00 -4.4480078e+01 
 1.4791084e+03  1.4791084e+03  0.0000000e+00 -4.4480078e+01 
 1.5135612e+03  1.5135612e+03  0.0000000e+00 -4.4480078e+01 
 1.5488166e+03  1.5488166e+03  0.0000000e+00 -4.4480078e+01 
 1.5848932e+03  1.5848932e+03  0.0000000e+00 -4.4480078e+01 
 1.6218101e+03  1.6218101e+03  0.0000000e+00 -4.4480078e+01 
 1.6595869e+03  1.6595869e+03  0.0000000e+00 -4.4480078e+01 
 1.6982437e+03  1.6982437e+03  0.0000000e+00 -4.4480078e+01 
 1.7378008e+03  1.7378008e+03  0.0000000e+00 -4.4480078e+01 
 1.7782794e+03  1.7782794e+03  0.0000000e+00 -4.4480078e+01 
 1.8197009e+03  1.8197009e+03  0.0000000e+00 -4.4480078e+01 
 1.8620871e+03  1.8620871e+03  0.0000000e+00 -4.4480078e+01 
 1.9054607e+03  1.9054607e+03  0.0000000e+00 -4.4480078e+01 
 1.9498446e+03  1.9498446e+03  0.0000000e+00 -4.4480078e+01 
 1.9952623e+03  1.9952623e+03  0.0000000e+00 -4.4480078e+01 
 2.0417379e+03  2.0417379e+03  0.0000000e+00 -4.4480078e+01 
 2.0892961e+03  2.0892961e+03  0.0000000e+00 -4.4480078e+01 
 2.1379621e+03  2.1379621e+03  0.0000000e+00 -4.4480078e+01 
 2.1877616e+03  2.1877616e+03  0.0000000e+00 -4.4480078e+01 
 2.2387211e+03  2.2387211e+03  0.0000000e+00 -4.4480078e+01 
 2.2908677e+03  2.2908677e+03  0.0000000e+00 -4.4480078e+01 
 2.3442288e+03  2.3442288e+03  0.0000000e+00 -4.4480078e+01 
 2.3988329e+03  2.3988329e+03  0.0000000e+00 -4.4480078e+01 
 2.4547089e+03  2.4547089e+03  0.0000000e+00 -4.4480078e+01 
 2.5118864e+03  2.5118864e+03  0.0000000e+00 -4.4480078e+01 
 2.5703958e+03  2.5703958e+03  0.0000000e+00 -4.4480078e+01 
 2.6302680e+03  2.6302680e+03  0.0000000e+00 -4.4480078e+01 
 2.6915348e+03  2.6915348e+03  0.0000000e+00 -4.4480078e+01 
 2.7542287e+03  2.7542287e+03  0.0000000e+00 -4.4480078e+01 
 2.8183829e+03  2.8183829e+03  0.0000000e+00 -4.4480078e+01 
 2.8840315e+03  2.8840315e+03  0.0000000e+00 -4.4480078e+01 
 2.9512092e+03  2.9512092e+03  0.0000000e+00 -4.4480078e+01 
 3.0199517e+03  3.0199517e+03  0.0000000e+00 -4.4480078e+01 
 3.0902954e+03  3.0902954e+03  0.0000000e+00 -4.4480078e+01 
 3.1622777e+03  3.1622777e+03  0.0000000e+00 -4.4480078e+01 
 3.2359366e+03  3.2359366e+03  0.0000000e+00 -4.4480078e+01 
 3.3113112e+03  3.3113112e+03  0.0000000e+00 -4.4480078e+01 
 3.3884416e+03  3.3884416e+03  0.0000000e+00 -4.4480078e+01 
 3.4673685e+03  3.4673685e+03  0.0000000e+00 -4.4480078e+01 
 3.5481339e+03  3.5481339e+03  0.0000000e+00 -4.4480078e+01 
 3.6307805e+03  3.6307805e+03  0.0000000e+00 -4.4480078e+01 
 3.7153523e+03  3.7153523e+03  0.0000000e+00 -4.4480078e+01 
 3.8018940e+03  3.8018940e+03  0.0000000e+00 -4.4480078e+01 
 3.8904514e+03  3.8904514e+03  0.0000000e+00 -4.4480078e+01 
 3.9810717e+03  3.9810717e+03  0.0000000e+00 -4.4480078e+01 
 4.0738028e+03  4.0738028e+03  0.0000000e+00 -4.4480078e+01 
 4.1686938e+03  4.1686938e+03  0.0000000e+00 -4.4480078e+01 
 4.2657952e+03  4.2657952e+03  0.0000000e+00 -4.4480078e+01 
 4.3651583e+03  4.3651583e+03  0.0000000e+00 -4.4480078e+01 
 4.4668359e+03  4.4668359e+03  0.0000000e+00 -4.4480078e+01 
 4.5708819e+03  4.5708819e+03  0.0000000e+00 -4.4480078e+01 
 4.6773514e+03  4.6773514e+03  0.0000000e+00 -4.4480078e+01 
 4.7863009e+03  4.7863009e+03  0.0000000e+00 -4.4480078e+01 
 4.8977882e+03  4.8977882e+03  0.0000000e+00 -4.4480078e+01 
 5.0118723e+03  5.0118723e+03  0.0000000e+00 -4.4480078e+01 
 5.1286138e+03  5.1286138e+03  0.0000000e+00 -4.4480078e+01 
 5.2480746e+03  5.2480746e+03  0.0000000e+00 -4.4480078e+01 
 5.3703180e+03  5.3703180e+03  0.0000000e+00 -4.4480078e+01 
 5.4954087e+03  5.4954087e+03  0.0000000e+00 -4.4480078e+01 
 5.6234133e+03  5.6234133e+03  0.0000000e+00 -4.4480078e+01 
 5.7543994e+03  5.7543994e+03  0.0000000e+00 -4.4480078e+01 
 5.8884366e+03  5.8884366e+03  0.0000000e+00 -4.4480078e+01 
 6.0255959e+03  6.0255959e+03  0.0000000e+00 -4.4480078e+01 
 6.1659500e+03  6.1659500e+03  0.0000000e+00 -4.4480078e+01 
 6.3095734e+03  6.3095734e+03  0.0000000e+00 -4.4480078e+01 
 6.4565423e+03  6.4565423e+03  0.0000000e+00 -4.4480078e+01 
 6.6069345e+03  6.6069345e+03  0.0000000e+00 -4.4480078e+01 
 6.7608298e+03  6.7608298e+03  0.0000000e+00 -4.4480078e+01 
 6.9183097e+03  6.9183097e+03  0.0000000e+00 -4.4480078e+01 
 7.0794578e+03  7.0794578e+03  0.0000000e+00 -4.4480078e+01 
 7.2443596e+03  7.2443596e+03  0.0000000e+00 -4.4480078e+01 
 7.4131024e+03  7.4131024e+03  0.0000000e+00 -4.4480078e+01 
 7.5857758e+03  7.5857758e+03  0.0000000e+00 -4.4480078e+01 
 7.7624712e+03  7.7624712e+03  0.0000000e+00 -4.4480078e+01 
 7.9432823e+03  7.9432823e+03  0.0000000e+00 -4.4480078e+01 
 8.1283052e+03  8.1283052e+03  0.0000000e+00 -4.4480078e+01 
 8.3176377e+03  8.3176377e+03  0.0000000e+00 -4.4480078e+01 
 8.5113804e+03  8.5113804e+03  0.0000000e+00 -4.4480078e+01 
 8.7096359e+03  8.7096359e+03  0.0000000e+00 -4.4480078e+01 
 8.9125094e+03  8.9125094e+03  0.0000000e+00 -4.4480078e+01 
 9.1201084e+03  9.1201084e+03  0.0000000e+00 -4.4480078e+01 
 9.3325430e+03  9.3325430e+03  0.0000000e+00 -4.4480078e+01 
 9.5499259e+03  9.5499259e+03  0.0000000e+00 -4.4480078e+01 
 9.7723722e+03  9.7723722e+03  0.0000000e+00 -4.4480078e+01 
 1.0000000e+04  1.0000000e+04  0.0000000e+00 -4.4480078e+01 
 1.0232930e+04  1.0232930e+04  0.0000000e+00 -4.4480078e+01 
 1.0471285e+04  1.0471285e+04  0.0000000e+00 -4.4480078e+01 
 1.0715193e+04  1.0715193e+04  0.0000000e+00 -4.4480078e+01 
 1.0964782e+04  1.0964782e+04  0.0000000e+00 -4.4480078e+01 
 1.1220185e+04  1.1220185e+04  0.0000000e+00 -4.4480078e+01 
 1.1481536e+04  1.1481536e+04  0.0000000e+00 -4.4480078e+01 
 1.1748976e+04  1.1748976e+04  0.0000000e+00 -4.4480078e+01 
 1.2022644e+04  1.2022644e+04  0.0000000e+00 -4.4480078e+01 
 1.2302688e+04  1.2302688e+04  0.0000000e+00 -4.4480078e+01 
 1.2589254e+04  1.2589254e+04  0.0000000e+00 -4.4480078e+01 
 1.2882496e+04  1.2882496e+04  0.0000000e+00 -4.4480078e+01 
 1.3182567e+04  1.3182567e+04  0.0000000e+00 -4.4480078e+01 
 1.3489629e+04  1.3489629e+04  0.0000000e+00 -4.4480078e+01 
 1.3803843e+04  1.3803843e+04  0.0000000e+00 -4.4480078e+01 
 1.4125375e+04  1.4125375e+04  0.0000000e+00 -4.4480078e+01 
 1.4454398e+04  1.4454398e+04  0.0000000e+00 -4.4480078e+01 
 1.4791084e+04  1.4791084e+04  0.0000000e+00 -4.4480078e+01 
 1.5135612e+04  1.5135612e+04  0.0000000e+00 -4.4480078e+01 
 1.5488166e+04  1.5488166e+04  0.0000000e+00 -4.4480078e+01 
 1.5848932e+04  1.5848932e+04  0.0000000e+00 -4.4480078e+01 
 1.6218101e+04  1.6218101e+04  0.0000000e+00 -4.4480078e+01 
 1.6595869e+04  1.6595869e+04  0.0000000e+00 -4.4480078e+01 
 1.6982437e+04  1.6982437e+04  0.0000000e+00 -4.4480078e+01 
 1.7378008e+04  1.7378008e+04  0.0000000e+00 -4.4480078e+01 
 1.7782794e+04  1.7782794e+04  0.0000000e+00 -4.4480078e+01 
 1.8197009e+04  1.8197009e+04  0.0000000e+00 -4.4480078e+01 
 1.8620871e+04  1.8620871e+04  0.0000000e+00 -4.4480078e+01 
 1.9054607e+04  1.9054607e+04  0.0000000e+00 -4.4480078e+01 
 1.9498446e+04  1.9498446e+04  0.0000000e+00 -4.4480078e+01 
 1.9952623e+04  1.9952623e+04  0.0000000e+00 -4.4480078e+01 
 2.0417379e+04  2.0417379e+04  0.0000000e+00 -4.4480078e+01 
 2.0892961e+04  2.0892961e+04  0.0000000e+00 -4.4480078e+01 
 2.1379621e+04  2.1379621e+04  0.0000000e+00 -4.4480078e+01 
 2.1877616e+04  2.1877616e+04  0.0000000e+00 -4.4480078e+01 
 2.2387211e+04  2.2387211e+04  0.0000000e+00 -4.4480078e+01 
 2.2908677e+04  2.2908677e+04  0.0000000e+00 -4.4480078e+01 
 2.3442288e+04  2.3442288e+04  0.0000000e+00 -4.4480078e+01 
 2.3988329e+04  2.3988329e+04  0.0000000e+00 -4.4480078e+01 
 2.4547089e+04  2.4547089e+04  0.0000000e+00 -4.4480078e+01 
 2.5118864e+04  2.5118864e+04  0.0000000e+00 -4.4480078e+01 
 2.5703958e+04  2.5703958e+04  0.0000000e+00 -4.4480078e+01 
 2.6302680e+04  2.6302680e+04  0.0000000e+00 -4.4480078e+01 
 2.6915348e+04  2.6915348e+04  0.0000000e+00 -4.4480078e+01 
 2.7542287e+04  2.7542287e+04  0.0000000e+00 -4.4480078e+01 
 2.8183829e+04  2.8183829e+04  0.0000000e+00 -4.4480078e+01 
 2.8840315e+04  2.8840315e+04  0.0000000e+00 -4.4480078e+01 
 2.9512092e+04  2.9512092e+04  0.0000000e+00 -4.4480078e+01 
 3.0199517e+04  3.0199517e+04  0.0000000e+00 -4.4480078e+01 
 3.0902954e+04  3.0902954e+04  0.0000000e+00 -4.4480078e+01 
 3.1622777e+04  3.1622777e+04  0.0000000e+00 -4.4480078e+01 
 3.2359366e+04  3.2359366e+04  0.0000000e+00 -4.4480078e+01 
 3.3113112e+04  3.3113112e+04  0.0000000e+00 -4.4480078e+01 
 3.3884416e+04  3.3884416e+04  0.0000000e+00 -4.4480078e+01 
 3.4673685e+04  3.4673685e+04  0.0000000e+00 -4.4480078e+01 
 3.5481339e+04  3.5481339e+04  0.0000000e+00 -4.4480078e+01 
 3.6307805e+04  3.6307805e+04  0.0000000e+00 -4.4480078e+01 
 3.7153523e+04  3.7153523e+04  0.0000000e+00 -4.4480078e+01 
 3.8018940e+04  3.8018940e+04  0.0000000e+00 -4.4480078e+01 
 3.8904514e+04  3.8904514e+04  0.0000000e+00 -4.4480078e+01 
 3.9810717e+04  3.9810717e+04  0.0000000e+00 -4.4480078e+01 
 4.0738028e+04  4.0738028e+04  0.0000000e+00 -4.4480078e+01 
 4.1686938e+04  4.1686938e+04  0.0000000e+00 -4.4480078e+01 
 4.2657952e+04  4.2657952e+04  0.0000000e+00 -4.4480078e+01 
 4.3651583e+04  4.3651583e+04  0.0000000e+00 -4.4480078e+01 
 4.4668359e+04  4.4668359e+04  0.0000000e+00 -4.4480078e+01 
 4.5708819e+04  4.5708819e+04  0.0000000e+00 -4.4480078e+01 
 4.6773514e+04  4.6773514e+04  0.0000000e+00 -4.4480078e+01 
 4.7863009e+04  4.7863009e+04  0.0000000e+00 -4.4480078e+01 
 4.8977882e+04  4.8977882e+04  0.0000000e+00 -4.4480078e+01 
 5.0118723e+04  5.0118723e+04  0.0000000e+00 -4.4480078e+01 
 5.1286138e+04  5.1286138e+04  0.0000000e+00 -4.4480078e+01 
 5.2480746e+04  5.2480746e+04  0.0000000e+00 -4.4480079e+01 
 5.3703180e+04  5.3703180e+04  0.0000000e+00 -4.4480079e+01 
 5.4954087e+04  5.4954087e+04  0.0000000e+00 -4.4480079e+01 
 5.6234133e+04  5.6234133e+04  0.0000000e+00 -4.4480079e+01 
 5.7543994e+04  5.7543994e+04  0.0000000e+00 -4.4480079e+01 
 5.8884366e+04  5.8884366e+04  0.0000000e+00 -4.4480079e+01 
 6.0255959e+04  6.0255959e+04  0.0000000e+00 -4.4480079e+01 
 6.1659500e+04  6.1659500e+04  0.0000000e+00 -4.4480079e+01 
 6.3095734e+04  6.3095734e+04  0.0000000e+00 -4.4480079e+01 
 6.4565423e+04  6.4565423e+04  0.0000000e+00 -4.4480079e+01 
 6.6069345e+04  6.6069345e+04  0.0000000e+00 -4.4480079e+01 
 6.7608298e+04  6.7608298e+04  0.0000000e+00 -4.4480079e+01 
 6.9183097e+04  6.9183097e+04  0.0000000e+00 -4.4480079e+01 
 7.0794578e+04  7.0794578e+04  0.0000000e+00 -4.4480079e+01 
 7.2443596e+04  7.2443596e+04  0.0000000e+00 -4.4480079e+01 
 7.4131024e+04  7.4131024e+04  0.0000000e+00 -4.4480079e+01 
 7.5857758e+04  7.5857758e+04  0.0000000e+00 -4.4480079e+01 
 7.7624712e+04  7.7624712e+04  0.0000000e+00 -4.4480079e+01 
 7.9432823e+04  7.9432823e+04  0.0000000e+00 -4.4480079e+01 
 8.1283052e+04  8.1283052e+04  0.0000000e+00 -4.4480079e+01 
 8.3176377e+04  8.3176377e+04  0.0000000e+00 -4.4480079e+01 
 8.5113804e+04  8.5113804e+04  0.0000000e+00 -4.4480079e+01 
 8.7096359e+04  8.7096359e+04  0.0000000e+00 -4.4480079e+01 
 8.9125094e+04  8.9125094e+04  0.0000000e+00 -4.4480079e+01 
 9.1201084e+04  9.1201084e+04  0.0000000e+00 -4.4480079e+01 
 9.3325430e+04  9.3325430e+04  0.0000000e+00 -4.4480079e+01 
 9.5499259e+04  9.5499259e+04  0.0000000e+00 -4.4480079e+01 
 9.7723722e+04  9.7723722e+04  0.0000000e+00 -4.4480079e+01 
 1.0000000e+05  1.0000000e+05  0.0000000e+00 -4.4480079e+01 
 1.0232930e+05  1.0232930e+05  0.0000000e+00 -4.4480079e+01 
 1.0471285e+05  1.0471285e+05  0.0000000e+00 -4.4480079e+01 
 1.0715193e+05  1.0715193e+05  0.0000000e+00 -4.4480079e+01 
 1.0964782e+05  1.0964782e+05  0.0000000e+00 -4.4480079e+01 
 1.1220185e+05  1.1220185e+05  0.0000000e+00 -4.4480079e+01 
 1.1481536e+05  1.1481536e+05  0.0000000e+00 -4.4480079e+01 
 1.1748976e+05  1.1748976e+05  0.0000000e+00 -4.4480079e+01 
 1.2022644e+05  1.2022644e+05  0.0000000e+00 -4.4480079e+01 
 1.2302688e+05  1.2302688e+05  0.0000000e+00 -4.4480079e+01 
 1.2589254e+05  1.2589254e+05  0.0000000e+00 -4.4480079e+01 
 1.2882496e+05  1.2882496e+05  0.0000000e+00 -4.4480079e+01 
 1.3182567e+05  1.3182567e+05  0.0000000e+00 -4.4480079e+01 
 1.3489629e+05  1.3489629e+05  0.0000000e+00 -4.4480080e+01 
 1.3803843e+05  1.3803843e+05  0.0000000e+00 -4.4480080e+01 
 1.4125375e+05  1.4125375e+05  0.0000000e+00 -4.4480080e+01 
 1.4454398e+05  1.4454398e+05  0.0000000e+00 -4.4480080e+01 
 1.4791084e+05  1.4791084e+05  0.0000000e+00 -4.4480080e+01 
 1.5135612e+05  1.5135612e+05  0.0000000e+00 -4.4480080e+01 
 1.5488166e+05  1.5488166e+05  0.0000000e+00 -4.4480080e+01 
 1.5848932e+05  1.5848932e+05  0.0000000e+00 -4.4480080e+01 
 1.6218101e+05  1.6218101e+05  0.0000000e+00 -4.4480080e+01 
 1.6595869e+05  1.6595869e+05  0.0000000e+00 -4.4480080e+01 
 1.6982437e+05  1.6982437e+05  0.0000000e+00 -4.4480080e+01 
 1.7378008e+05  1.7378008e+05  0.0000000e+00 -4.4480080e+01 
 1.7782794e+05  1.7782794e+05  0.0000000e+00 -4.4480080e+01 
 1.8197009e+05  1.8197009e+05  0.0000000e+00 -4.4480080e+01 
 1.8620871e+05  1.8620871e+05  0.0000000e+00 -4.4480081e+01 
 1.9054607e+05  1.9054607e+05  0.0000000e+00 -4.4480081e+01 
 1.9498446e+05  1.9498446e+05  0.0000000e+00 -4.4480081e+01 
 1.9952623e+05  1.9952623e+05  0.0000000e+00 -4.4480081e+01 
 2.0417379e+05  2.0417379e+05  0.0000000e+00 -4.4480081e+01 
 2.0892961e+05  2.0892961e+05  0.0000000e+00 -4.4480081e+01 
 2.1379621e+05  2.1379621e+05  0.0000000e+00 -4.4480081e+01 
 2.1877616e+05  2.1877616e+05  0.0000000e+00 -4.4480081e+01 
 2.2387211e+05  2.2387211e+05  0.0000000e+00 -4.4480082e+01 
 2.2908677e+05  2.2908677e+05  0.0000000e+00 -4.4480082e+01 
 2.3442288e+05  2.3442288e+05  0.0000000e+00 -4.4480082e+01 
 2.3988329e+05  2.3988329e+05  0.0000000e+00 -4.4480082e+01 
 2.4547089e+05  2.4547089e+05  0.0000000e+00 -4.4480082e+01 
 2.5118864e+05  2.5118864e+05  0.0000000e+00 -4.4480082e+01 
 2.5703958e+05  2.5703958e+05  0.0000000e+00 -4.4480083e+01 
 2.6302680e+05  2.6302680e+05  0.0000000e+00 -4.4480083e+01 
 2.6915348e+05  2.6915348e+05  0.0000000e+00 -4.4480083e+01 
 2.7542287e+05  2.7542287e+05  0.0000000e+00 -4.4480083e+01 
 2.8183829e+05  2.8183829e+05  0.0000000e+00 -4.4480084e+01 
 2.8840315e+05  2.8840315e+05  0.0000000e+00 -4.4480084e+01 
 2.9512092e+05  2.9512092e+05  0.0000000e+00 -4.4480084e+01 
 3.0199517e+05  3.0199517e+05  0.0000000e+00 -4.4480084e+01 
 3.0902954e+05  3.0902954e+05  0.0000000e+00 -4.4480085e+01 
 3.1622777e+05  3.1622777e+05  0.0000000e+00 -4.4480085e+01 
 3.2359366e+05  3.2359366e+05  0.0000000e+00 -4.4480085e+01 
 3.3113112e+05  3.3113112e+05  0.0000000e+00 -4.4480086e+01 
 3.3884416e+05  3.3884416e+05  0.0000000e+00 -4.4480086e+01 
 3.4673685e+05  3.4673685e+05  0.0000000e+00 -4.4480086e+01 
 3.5481339e+05  3.5481339e+05  0.0000000e+00 -4.4480087e+01 
 3.6307805e+05  3.6307805e+05  0.0000000e+00 -4.4480087e+01 
 3.7153523e+05  3.7153523e+05  0.0000000e+00 -4.4480087e+01 
 3.8018940e+05  3.8018940e+05  0.0000000e+00 -4.4480088e+01 
 3.8904514e+05  3.8904514e+05  0.0000000e+00 -4.4480088e+01 
 3.9810717e+05  3.9810717e+05  0.0000000e+00 -4.4480089e+01 
 4.0738028e+05  4.0738028e+05  0.0000000e+00 -4.4480089e+01 
 4.1686938e+05  4.1686938e+05  0.0000000e+00 -4.4480090e+01 
 4.2657952e+05  4.2657952e+05  0.0000000e+00 -4.4480090e+01 
 4.3651583e+05  4.3651583e+05  0.0000000e+00 -4.4480091e+01 
 4.4668359e+05  4.4668359e+05  0.0000000e+00 -4.4480091e+01 
 4.5708819e+05  4.5708819e+05  0.0000000e+00 -4.4480092e+01 
 4.6773514e+05  4.6773514e+05  0.0000000e+00 -4.4480093e+01 
 4.7863009e+05  4.7863009e+05  0.0000000e+00 -4.4480093e+01 
 4.8977882e+05  4.8977882e+05  0.0000000e+00 -4.4480094e+01 
 5.0118723e+05  5.0118723e+05  0.0000000e+00 -4.4480095e+01 
 5.1286138e+05  5.1286138e+05  0.0000000e+00 -4.4480096e+01 
 5.2480746e+05  5.2480746e+05  0.0000000e+00 -4.4480096e+01 
 5.3703180e+05  5.3703180e+05  0.0000000e+00 -4.4480097e+01 
 5.4954087e+05  5.4954087e+05  0.0000000e+00 -4.4480098e+01 
 5.6234133e+05  5.6234133e+05  0.0000000e+00 -4.4480099e+01 
 5.7543994e+05  5.7543994e+05  0.0000000e+00 -4.4480100e+01 
 5.8884366e+05  5.8884366e+05  0.0000000e+00 -4.4480101e+01 
 6.0255959e+05  6.0255959e+05  0.0000000e+00 -4.4480102e+01 
 6.1659500e+05  6.1659500e+05  0.0000000e+00 -4.4480103e+01 
 6.3095734e+05  6.3095734e+05  0.0000000e+00 -4.4480104e+01 
 6.4565423e+05  6.4565423e+05  0.0000000e+00 -4.4480106e+01 
 6.6069345e+05  6.6069345e+05  0.0000000e+00 -4.4480107e+01 
 6.7608298e+05  6.7608298e+05  0.0000000e+00 -4.4480108e+01 
 6.9183097e+05  6.9183097e+05  0.0000000e+00 -4.4480110e+01 
 7.0794578e+05  7.0794578e+05  0.0000000e+00 -4.4480111e+01 
 7.2443596e+05  7.2443596e+05  0.0000000e+00 -4.4480113e+01 
 7.4131024e+05  7.4131024e+05  0.0000000e+00 -4.4480114e+01 
 7.5857758e+05  7.5857758e+05  0.0000000e+00 -4.4480116e+01 
 7.7624712e+05  7.7624712e+05  0.0000000e+00 -4.4480118e+01 
 7.9432823e+05  7.9432823e+05  0.0000000e+00 -4.4480120e+01 
 8.1283052e+05  8.1283052e+05  0.0000000e+00 -4.4480122e+01 
 8.3176377e+05  8.3176377e+05  0.0000000e+00 -4.4480124e+01 
 8.5113804e+05  8.5113804e+05  0.0000000e+00 -4.4480126e+01 
 8.7096359e+05  8.7096359e+05  0.0000000e+00 -4.4480128e+01 
 8.9125094e+05  8.9125094e+05  0.0000000e+00 -4.4480131e+01 
 9.1201084e+05  9.1201084e+05  0.0000000e+00 -4.4480133e+01 
 9.3325430e+05  9.3325430e+05  0.0000000e+00 -4.4480136e+01 
 9.5499259e+05  9.5499259e+05  0.0000000e+00 -4.4480138e+01 
 9.7723722e+05  9.7723722e+05  0.0000000e+00 -4.4480141e+01 
 1.0000000e+06  1.0000000e+06  0.0000000e+00 -4.4480144e+01 
 1.0232930e+06  1.0232930e+06  0.0000000e+00 -4.4480147e+01 
 1.0471285e+06  1.0471285e+06  0.0000000e+00 -4.4480150e+01 
 1.0715193e+06  1.0715193e+06  0.0000000e+00 -4.4480154e+01 
 1.0964782e+06  1.0964782e+06  0.0000000e+00 -4.4480157e+01 
 1.1220185e+06  1.1220185e+06  0.0000000e+00 -4.4480161e+01 
 1.1481536e+06  1.1481536e+06  0.0000000e+00 -4.4480165e+01 
 1.1748976e+06  1.1748976e+06  0.0000000e+00 -4.4480169e+01 
 1.2022644e+06  1.2022644e+06  0.0000000e+00 -4.4480173e+01 
 1.2302688e+06  1.2302688e+06  0.0000000e+00 -4.4480178e+01 
 1.2589254e+06  1.2589254e+06  0.0000000e+00 -4.4480182e+01 
 1.2882496e+06  1.2882496e+06  0.0000000e+00 -4.4480187e+01 
 1.3182567e+06  1.3182567e+06  0.0000000e+00 -4.4480193e+01 
 1.3489629e+06  1.3489629e+06  0.0000000e+00 -4.4480198e+01 
 1.3803843e+06  1.3803843e+06  0.0000000e+00 -4.4480204e+01 
 1.4125375e+06  1.4125375e+06  0.0000000e+00 -4.4480209e+01 
 1.4454398e+06  1.4454398e+06  0.0000000e+00 -4.4480216e+01 
 1.4791084e+06  1.4791084e+06  0.0000000e+00 -4.4480222e+01 
 1.5135612e+06  1.5135612e+06  0.0000000e+00 -4.4480229e+01 
 1.5488166e+06  1.5488166e+06  0.0000000e+00 -4.4480236e+01 
 1.5848932e+06  1.5848932e+06  0.0000000e+00 -4.4480243e+01 
 1.6218101e+06  1.6218101e+06  0.0000000e+00 -4.4480251e+01 
 1.6595869e+06  1.6595869e+06  0.0000000e+00 -4.4480259e+01 
 1.6982437e+06  1.6982437e+06  0.0000000e+00 -4.4480268e+01 
 1.7378008e+06  1.7378008e+06  0.0000000e+00 -4.4480277e+01 
 1.7782794e+06  1.7782794e+06  0.0000000e+00 -4.4480286e+01 
 1.8197009e+06  1.8197009e+06  0.0000000e+00 -4.4480296e+01 
 1.8620871e+06  1.8620871e+06  0.0000000e+00 -4.4480306e+01 
 1.9054607e+06  1.9054607e+06  0.0000000e+00 -4.4480317e+01 
 1.9498446e+06  1.9498446e+06  0.0000000e+00 -4.4480328e+01 
 1.9952623e+06  1.9952623e+06  0.0000000e+00 -4.4480340e+01 
 2.0417379e+06  2.0417379e+06  0.0000000e+00 -4.4480352e+01 
 2.0892961e+06  2.0892961e+06  0.0000000e+00 -4.4480365e+01 
 2.1379621e+06  2.1379621e+06  0.0000000e+00 -4.4480379e+01 
 2.1877616e+06  2.1877616e+06  0.0000000e+00 -4.4480393e+01 
 2.2387211e+06  2.2387211e+06  0.0000000e+00 -4.4480408e+01 
 2.2908677e+06  2.2908677e+06  0.0000000e+00 -4.4480423e+01 
 2.3442288e+06  2.3442288e+06  0.0000000e+00 -4.4480439e+01 
 2.3988329e+06  2.3988329e+06  0.0000000e+00 -4.4480456e+01 
 2.4547089e+06  2.4547089e+06  0.0000000e+00 -4.4480474e+01 
 2.5118864e+06  2.5118864e+06  0.0000000e+00 -4.4480493e+01 
 2.5703958e+06  2.5703958e+06  0.0000000e+00 -4.4480512e+01 
 2.6302680e+06  2.6302680e+06  0.0000000e+00 -4.4480533e+01 
 2.6915348e+06  2.6915348e+06  0.0000000e+00 -4.4480554e+01 
 2.7542287e+06  2.7542287e+06  0.0000000e+00 -4.4480577e+01 
 2.8183829e+06  2.8183829e+06  0.0000000e+00 -4.4480600e+01 
 2.8840315e+06  2.8840315e+06  0.0000000e+00 -4.4480625e+01 
 2.9512092e+06  2.9512092e+06  0.0000000e+00 -4.4480651e+01 
 3.0199517e+06  3.0199517e+06  0.0000000e+00 -4.4480678e+01 
 3.0902954e+06  3.0902954e+06  0.0000000e+00 -4.4480706e+01 
 3.1622777e+06  3.1622777e+06  0.0000000e+00 -4.4480735e+01 
 3.2359366e+06  3.2359366e+06  0.0000000e+00 -4.4480766e+01 
 3.3113112e+06  3.3113112e+06  0.0000000e+00 -4.4480799e+01 
 3.3884416e+06  3.3884416e+06  0.0000000e+00 -4.4480833e+01 
 3.4673685e+06  3.4673685e+06  0.0000000e+00 -4.4480868e+01 
 3.5481339e+06  3.5481339e+06  0.0000000e+00 -4.4480905e+01 
 3.6307805e+06  3.6307805e+06  0.0000000e+00 -4.4480944e+01 
 3.7153523e+06  3.7153523e+06  0.0000000e+00 -4.4480985e+01 
 3.8018940e+06  3.8018940e+06  0.0000000e+00 -4.4481028e+01 
 3.8904514e+06  3.8904514e+06  0.0000000e+00 -4.4481073e+01 
 3.9810717e+06  3.9810717e+06  0.0000000e+00 -4.4481119e+01 
 4.0738028e+06  4.0738028e+06  0.0000000e+00 -4.4481169e+01 
 4.1686938e+06  4.1686938e+06  0.0000000e+00 -4.4481220e+01 
 4.2657952e+06  4.2657952e+06  0.0000000e+00 -4.4481274e+01 
 4.3651583e+06  4.3651583e+06  0.0000000e+00 -4.4481330e+01 
 4.4668359e+06  4.4668359e+06  0.0000000e+00 -4.4481389e+01 
 4.5708819e+06  4.5708819e+06  0.0000000e+00 -4.4481451e+01 
 4.6773514e+06  4.6773514e+06  0.0000000e+00 -4.4481515e+01 
 4.7863009e+06  4.7863009e+06  0.0000000e+00 -4.4481583e+01 
 4.8977882e+06  4.8977882e+06  0.0000000e+00 -4.4481654e+01 
 5.0118723e+06  5.0118723e+06  0.0000000e+00 -4.4481728e+01 
 5.1286138e+06  5.1286138e+06  0.0000000e+00 -4.4481806e+01 
 5.2480746e+06  5.2480746e+06  0.0000000e+00 -4.4481887e+01 
 5.3703180e+06  5.3703180e+06  0.0000000e+00 -4.4481972e+01 
 5.4954087e+06  5.4954087e+06  0.0000000e+00 -4.4482062e+01 
 5.6234133e+06  5.6234133e+06  0.0000000e+00 -4.4482155e+01 
 5.7543994e+06  5.7543994e+06  0.0000000e+00 -4.4482253e+01 
 5.8884366e+06  5.8884366e+06  0.0000000e+00 -4.4482355e+01 
 6.0255959e+06  6.0255959e+06  0.0000000e+00 -4.4482462e+01 
 6.1659500e+06  6.1659500e+06  0.0000000e+00 -4.4482575e+01 
 6.3095734e+06  6.3095734e+06  0.0000000e+00 -4.4482692e+01 
 6.4565423e+06  6.4565423e+06  0.0000000e+00 -4.4482815e+01 
 6.6069345e+06  6.6069345e+06  0.0000000e+00 -4.4482944e+01 
 6.7608298e+06  6.7608298e+06  0.0000000e+00 -4.4483079e+01 
 6.9183097e+06  6.9183097e+06  0.0000000e+00 -4.4483221e+01 
 7.0794578e+06  7.0794578e+06  0.0000000e+00 -4.4483368e+01 
 7.2443596e+06  7.2443596e+06  0.0000000e+00 -4.4483523e+01 
 7.4131024e+06  7.4131024e+06  0.0000000e+00 -4.4483686e+01 
 7.5857758e+06  7.5857758e+06  0.0000000e+00 -4.4483855e+01 
 7.7624712e+06  7.7624712e+06  0.0000000e+00 -4.4484033e+01 
 7.9432823e+06  7.9432823e+06  0.0000000e+00 -4.4484219e+01 
 8.1283052e+06  8.1283052e+06  0.0000000e+00 -4.4484414e+01 
 8.3176377e+06  8.3176377e+06  0.0000000e+00 -4.4484618e+01 
 8.5113804e+06  8.5113804e+06  0.0000000e+00 -4.4484832e+01 
 8.7096359e+06  8.7096359e+06  0.0000000e+00 -4.4485056e+01 
 8.9125094e+06  8.9125094e+06  0.0000000e+00 -4.4485290e+01 
 9.1201084e+06  9.1201084e+06  0.0000000e+00 -4.4485535e+01 
 9.3325430e+06  9.3325430e+06  0.0000000e+00 -4.4485792e+01 
 9.5499259e+06  9.5499259e+06  0.0000000e+00 -4.4486060e+01 
 9.7723722e+06  9.7723722e+06  0.0000000e+00 -4.4486342e+01 
 1.0000000e+07  1.0000000e+07  0.0000000e+00 -4.4486636e+01 
 1.0232930e+07  1.0232930e+07  0.0000000e+00 -4.4486945e+01 
 1.0471285e+07  1.0471285e+07  0.0000000e+00 -4.4487268e+01 
 1.0715193e+07  1.0715193e+07  0.0000000e+00 -4.4487606e+01 
 1.0964782e+07  1.0964782e+07  0.0000000e+00 -4.4487960e+01 
 1.1220185e+07  1.1220185e+07  0.0000000e+00 -4.4488330e+01 
 1.1481536e+07  1.1481536e+07  0.0000000e+00 -4.4488718e+01 
 1.1748976e+07  1.1748976e+07  0.0000000e+00 -4.4489124e+01 
 1.2022644e+07  1.2022644e+07  0.0000000e+00 -4.4489549e+01 
 1.2302688e+07  1.2302688e+07  0.0000000e+00 -4.4489994e+01 
 1.2589254e+07  1.2589254e+07  0.0000000e+00 -4.4490460e+01 
 1.2882496e+07  1.2882496e+07  0.0000000e+00 -4.4490948e+01 
 1.3182567e+07  1.3182567e+07  0.0000000e+00 -4.4491458e+01 
 1.3489629e+07  1.3489629e+07  0.0000000e+00 -4.4491993e+01 
 1.3803843e+07  1.3803843e+07  0.0000000e+00 -4.4492552e+01 
 1.4125375e+07  1.4125375e+07  0.0000000e+00 -4.4493138e+01 
 1.4454398e+07  1.4454398e+07  0.0000000e+00 -4.4493751e+01 
 1.4791084e+07  1.4791084e+07  0.0000000e+00 -4.4494392e+01 
 1.5135612e+07  1.5135612e+07  0.0000000e+00 -4.4495064e+01 
 1.5488166e+07  1.5488166e+07  0.0000000e+00 -4.4495767e+01 
 1.5848932e+07  1.5848932e+07  0.0000000e+00 -4.4496502e+01 
 1.6218101e+07  1.6218101e+07  0.0000000e+00 -4.4497272e+01 
 1.6595869e+07  1.6595869e+07  0.0000000e+00 -4.4498078e+01 
 1.6982437e+07  1.6982437e+07  0.0000000e+00 -4.4498922e+01 
 1.7378008e+07  1.7378008e+07  0.0000000e+00 -4.4499804e+01 
 1.7782794e+07  1.7782794e+07  0.0000000e+00 -4.4500728e+01 
 1.8197009e+07  1.8197009e+07  0.0000000e+00 -4.4501695e+01 
 1.8620871e+07  1.8620871e+07  0.0000000e+00 -4.4502707e+01 
 1.9054607e+07  1.9054607e+07  0.0000000e+00 -4.4503765e+01 
 1.9498446e+07  1.9498446e+07  0.0000000e+00 -4.4504873e+01 
 1.9952623e+07  1.9952623e+07  0.0000000e+00 -4.4506033e+01 
 2.0417379e+07  2.0417379e+07  0.0000000e+00 -4.4507246e+01 
 2.0892961e+07  2.0892961e+07  0.0000000e+00 -4.4508515e+01 
 2.1379621e+07  2.1379621e+07  0.0000000e+00 -4.4509843e+01 
 2.1877616e+07  2.1877616e+07  0.0000000e+00 -4.4511233e+01 
 2.2387211e+07  2.2387211e+07  0.0000000e+00 -4.4512686e+01 
 2.2908677e+07  2.2908677e+07  0.0000000e+00 -4.4514207e+01 
 2.3442288e+07  2.3442288e+07  0.0000000e+00 -4.4515798e+01 
 2.3988329e+07  2.3988329e+07  0.0000000e+00 -4.4517463e+01 
 2.4547089e+07  2.4547089e+07  0.0000000e+00 -4.4519204e+01 
 2.5118864e+07  2.5118864e+07  0.0000000e+00 -4.4521025e+01 
 2.5703958e+07  2.5703958e+07  0.0000000e+00 -4.4522929e+01 
 2.6302680e+07  2.6302680e+07  0.0000000e+00 -4.4524921e+01 
 2.6915348e+07  2.6915348e+07  0.0000000e+00 -4.4527005e+01 
 2.7542287e+07  2.7542287e+07  0.0000000e+00 -4.4529183e+01 
 2.8183829e+07  2.8183829e+07  0.0000000e+00 -4.4531461e+01 
 2.8840315e+07  2.8840315e+07  0.0000000e+00 -4.4533843e+01 
 2.9512092e+07  2.9512092e+07  0.0000000e+00 -4.4536334e+01 
 3.0199517e+07  3.0199517e+07  0.0000000e+00 -4.4538938e+01 
 3.0902954e+07  3.0902954e+07  0.0000000e+00 -4.4541660e+01 
 3.1622777e+07  3.1622777e+07  0.0000000e+00 -4.4544506e+01 
 3.2359366e+07  3.2359366e+07  0.0000000e+00 -4.4547480e+01 
 3.3113112e+07  3.3113112e+07  0.0000000e+00 -4.4550589e+01 
 3.3884416e+07  3.3884416e+07  0.0000000e+00 -4.4553837e+01 
 3.4673685e+07  3.4673685e+07  0.0000000e+00 -4.4557232e+01 
 3.5481339e+07  3.5481339e+07  0.0000000e+00 -4.4560779e+01 
 3.6307805e+07  3.6307805e+07  0.0000000e+00 -4.4564485e+01 
 3.7153523e+07  3.7153523e+07  0.0000000e+00 -4.4568357e+01 
 3.8018940e+07  3.8018940e+07  0.0000000e+00 -4.4572401e+01 
 3.8904514e+07  3.8904514e+07  0.0000000e+00 -4.4576625e+01 
 3.9810717e+07  3.9810717e+07  0.0000000e+00 -4.4581035e+01 
 4.0738028e+07  4.0738028e+07  0.0000000e+00 -4.4585641e+01 
 4.1686938e+07  4.1686938e+07  0.0000000e+00 -4.4590450e+01 
 4.2657952e+07  4.2657952e+07  0.0000000e+00 -4.4595470e+01 
 4.3651583e+07  4.3651583e+07  0.0000000e+00 -4.4600709e+01 
 4.4668359e+07  4.4668359e+07  0.0000000e+00 -4.4606177e+01 
 4.5708819e+07  4.5708819e+07  0.0000000e+00 -4.4611883e+01 
 4.6773514e+07  4.6773514e+07  0.0000000e+00 -4.4617836e+01 
 4.7863009e+07  4.7863009e+07  0.0000000e+00 -4.4624045e+01 
 4.8977882e+07  4.8977882e+07  0.0000000e+00 -4.4630521e+01 
 5.0118723e+07  5.0118723e+07  0.0000000e+00 -4.4637274e+01 
 5.1286138e+07  5.1286138e+07  0.0000000e+00 -4.4644315e+01 
 5.2480746e+07  5.2480746e+07  0.0000000e+00 -4.4651653e+01 
 5.3703180e+07  5.3703180e+07  0.0000000e+00 -4.4659301e+01 
 5.4954087e+07  5.4954087e+07  0.0000000e+00 -4.4667270e+01 
 5.6234133e+07  5.6234133e+07  0.0000000e+00 -4.4675570e+01 
 5.7543994e+07  5.7543994e+07  0.0000000e+00 -4.4684215e+01 
 5.8884366e+07  5.8884366e+07  0.0000000e+00 -4.4693217e+01 
 6.0255959e+07  6.0255959e+07  0.0000000e+00 -4.4702586e+01 
 6.1659500e+07  6.1659500e+07  0.0000000e+00 -4.4712338e+01 
 6.3095734e+07  6.3095734e+07  0.0000000e+00 -4.4722483e+01 
 6.4565423e+07  6.4565423e+07  0.0000000e+00 -4.4733035e+01 
 6.6069345e+07  6.6069345e+07  0.0000000e+00 -4.4744007e+01 
 6.7608298e+07  6.7608298e+07  0.0000000e+00 -4.4755413e+01 
 6.9183097e+07  6.9183097e+07  0.0000000e+00 -4.4767265e+01 
 7.0794578e+07  7.0794578e+07  0.0000000e+00 -4.4779578e+01 
 7.2443596e+07  7.2443596e+07  0.0000000e+00 -4.4792365e+01 
 7.4131024e+07  7.4131024e+07  0.0000000e+00 -4.4805639e+01 
 7.5857758e+07  7.5857758e+07  0.0000000e+00 -4.4819415e+01 
 7.7624712e+07  7.7624712e+07  0.0000000e+00 -4.4833705e+01 
 7.9432823e+07  7.9432823e+07  0.0000000e+00 -4.4848524e+01 
 8.1283052e+07  8.1283052e+07  0.0000000e+00 -4.4863884e+01 
 8.3176377e+07  8.3176377e+07  0.0000000e+00 -4.4879798e+01 
 8.5113804e+07  8.5113804e+07  0.0000000e+00 -4.4896281e+01 
 8.7096359e+07  8.7096359e+07  0.0000000e+00 -4.4913343e+01 
 8.9125094e+07  8.9125094e+07  0.0000000e+00 -4.4930998e+01 
 9.1201084e+07  9.1201084e+07  0.0000000e+00 -4.4949257e+01 
 9.3325430e+07  9.3325430e+07  0.0000000e+00 -4.4968131e+01 
 9.5499259e+07  9.5499259e+07  0.0000000e+00 -4.4987633e+01 
 9.7723722e+07  9.7723722e+07  0.0000000e+00 -4.5007770e+01 
 1.0000000e+08  1.0000000e+08  0.0000000e+00 -4.5028554e+01 
 1.0232930e+08  1.0232930e+08  0.0000000e+00 -4.5049993e+01 
 1.0471285e+08  1.0471285e+08  0.0000000e+00 -4.5072095e+01 
 1.0715193e+08  1.0715193e+08  0.0000000e+00 -4.5094866e+01 
 1.0964782e+08  1.0964782e+08  0.0000000e+00 -4.5118314e+01 
 1.1220185e+08  1.1220185e+08  0.0000000e+00 -4.5142442e+01 
 1.1481536e+08  1.1481536e+08  0.0000000e+00 -4.5167254e+01 
 1.1748976e+08  1.1748976e+08  0.0000000e+00 -4.5192754e+01 
 1.2022644e+08  1.2022644e+08  0.0000000e+00 -4.5218942e+01 
 1.2302688e+08  1.2302688e+08  0.0000000e+00 -4.5245818e+01 
 1.2589254e+08  1.2589254e+08  0.0000000e+00 -4.5273381e+01 
 1.2882496e+08  1.2882496e+08  0.0000000e+00 -4.5301627e+01 
 1.3182567e+08  1.3182567e+08  0.0000000e+00 -4.5330551e+01 
 1.3489629e+08  1.3489629e+08  0.0000000e+00 -4.5360148e+01 
 1.3803843e+08  1.3803843e+08  0.0000000e+00 -4.5390410e+01 
 1.4125375e+08  1.4125375e+08  0.0000000e+00 -4.5421326e+01 
 1.4454398e+08  1.4454398e+08  0.0000000e+00 -4.5452885e+01 
 1.4791084e+08  1.4791084e+08  0.0000000e+00 -4.5485073e+01 
 1.5135612e+08  1.5135612e+08  0.0000000e+00 -4.5517876e+01 
 1.5488166e+08  1.5488166e+08  0.0000000e+00 -4.5551276e+01 
 1.5848932e+08  1.5848932e+08  0.0000000e+00 -4.5585255e+01 
 1.6218101e+08  1.6218101e+08  0.0000000e+00 -4.5619791e+01 
 1.6595869e+08  1.6595869e+08  0.0000000e+00 -4.5654863e+01 
 1.6982437e+08  1.6982437e+08  0.0000000e+00 -4.5690445e+01 
 1.7378008e+08  1.7378008e+08  0.0000000e+00 -4.5726513e+01 
 1.7782794e+08  1.7782794e+08  0.0000000e+00 -4.5763037e+01 
 1.8197009e+08  1.8197009e+08  0.0000000e+00 -4.5799989e+01 
 1.8620871e+08  1.8620871e+08  0.0000000e+00 -4.5837338e+01 
 1.9054607e+08  1.9054607e+08  0.0000000e+00 -4.5875051e+01 
 1.9498446e+08  1.9498446e+08  0.0000000e+00 -4.5913095e+01 
 1.9952623e+08  1.9952623e+08  0.0000000e+00 -4.5951434e+01 
 2.0417379e+08  2.0417379e+08  0.0000000e+00 -4.5990033e+01 
 2.0892961e+08  2.0892961e+08  0.0000000e+00 -4.6028854e+01 
 2.1379621e+08  2.1379621e+08  0.0000000e+00 -4.6067860e+01 
 2.1877616e+08  2.1877616e+08  0.0000000e+00 -4.6107011e+01 
 2.2387211e+08  2.2387211e+08  0.0000000e+00 -4.6146269e+01 
 2.2908677e+08  2.2908677e+08  0.0000000e+00 -4.6185593e+01 
 2.3442288e+08  2.3442288e+08  0.0000000e+00 -4.6224944e+01 
 2.3988329e+08  2.3988329e+08  0.0000000e+00 -4.6264281e+01 
 2.4547089e+08  2.4547089e+08  0.0000000e+00 -4.6303565e+01 
 2.5118864e+08  2.5118864e+08  0.0000000e+00 -4.6342755e+01 
 2.5703958e+08  2.5703958e+08  0.0000000e+00 -4.6381813e+01 
 2.6302680e+08  2.6302680e+08  0.0000000e+00 -4.6420699e+01 
 2.6915348e+08  2.6915348e+08  0.0000000e+00 -4.6459375e+01 
 2.7542287e+08  2.7542287e+08  0.0000000e+00 -4.6497804e+01 
 2.8183829e+08  2.8183829e+08  0.0000000e+00 -4.6535949e+01 
 2.8840315e+08  2.8840315e+08  0.0000000e+00 -4.6573775e+01 
 2.9512092e+08  2.9512092e+08  0.0000000e+00 -4.6611247e+01 
 3.0199517e+08  3.0199517e+08  0.0000000e+00 -4.6648333e+01 
 3.0902954e+08  3.0902954e+08  0.0000000e+00 -4.6685001e+01 
 3.1622777e+08  3.1622777e+08  0.0000000e+00 -4.6721222e+01 
 3.2359366e+08  3.2359366e+08  0.0000000e+00 -4.6756966e+01 
 3.3113112e+08  3.3113112e+08  0.0000000e+00 -4.6792209e+01 
 3.3884416e+08  3.3884416e+08  0.0000000e+00 -4.6826923e+01 
 3.4673685e+08  3.4673685e+08  0.0000000e+00 -4.6861088e+01 
 3.5481339e+08  3.5481339e+08  0.0000000e+00 -4.6894680e+01 
 3.6307805e+08  3.6307805e+08  0.0000000e+00 -4.6927681e+01 
 3.7153523e+08  3.7153523e+08  0.0000000e+00 -4.6960073e+01 
 3.8018940e+08  3.8018940e+08  0.0000000e+00 -4.6991840e+01 
 3.8904514e+08  3.8904514e+08  0.0000000e+00 -4.7022968e+01 
 3.9810717e+08  3.9810717e+08  0.0000000e+00 -4.7053446e+01 
 4.0738028e+08  4.0738028e+08  0.0000000e+00 -4.7083262e+01 
 4.1686938e+08  4.1686938e+08  0.0000000e+00 -4.7112408e+01 
 4.2657952e+08  4.2657952e+08  0.0000000e+00 -4.7140877e+01 
 4.3651583e+08  4.3651583e+08  0.0000000e+00 -4.7168664e+01 
 4.4668359e+08  4.4668359e+08  0.0000000e+00 -4.7195765e+01 
 4.5708819e+08  4.5708819e+08  0.0000000e+00 -4.7222179e+01 
 4.6773514e+08  4.6773514e+08  0.0000000e+00 -4.7247904e+01 
 4.7863009e+08  4.7863009e+08  0.0000000e+00 -4.7272941e+01 
 4.8977882e+08  4.8977882e+08  0.0000000e+00 -4.7297293e+01 
 5.0118723e+08  5.0118723e+08  0.0000000e+00 -4.7320963e+01 
 5.1286138e+08  5.1286138e+08  0.0000000e+00 -4.7343955e+01 
 5.2480746e+08  5.2480746e+08  0.0000000e+00 -4.7366275e+01 
 5.3703180e+08  5.3703180e+08  0.0000000e+00 -4.7387929e+01 
 5.4954087e+08  5.4954087e+08  0.0000000e+00 -4.7408926e+01 
 5.6234133e+08  5.6234133e+08  0.0000000e+00 -4.7429274e+01 
 5.7543994e+08  5.7543994e+08  0.0000000e+00 -4.7448982e+01 
 5.8884366e+08  5.8884366e+08  0.0000000e+00 -4.7468060e+01 
 6.0255959e+08  6.0255959e+08  0.0000000e+00 -4.7486518e+01 
 6.1659500e+08  6.1659500e+08  0.0000000e+00 -4.7504368e+01 
 6.3095734e+08  6.3095734e+08  0.0000000e+00 -4.7521622e+01 
 6.4565423e+08  6.4565423e+08  0.0000000e+00 -4.7538291e+01 
 6.6069345e+08  6.6069345e+08  0.0000000e+00 -4.7554389e+01 
 6.7608298e+08  6.7608298e+08  0.0000000e+00 -4.7569927e+01 
 6.9183097e+08  6.9183097e+08  0.0000000e+00 -4.7584920e+01 
 7.0794578e+08  7.0794578e+08  0.0000000e+00 -4.7599379e+01 
 7.2443596e+08  7.2443596e+08  0.0000000e+00 -4.7613320e+01 
 7.4131024e+08  7.4131024e+08  0.0000000e+00 -4.7626754e+01 
 7.5857758e+08  7.5857758e+08  0.0000000e+00 -4.7639696e+01 
 7.7624712e+08  7.7624712e+08  0.0000000e+00 -4.7652160e+01 
 7.9432823e+08  7.9432823e+08  0.0000000e+00 -4.7664159e+01 
 8.1283052e+08  8.1283052e+08  0.0000000e+00 -4.7675706e+01 
 8.3176377e+08  8.3176377e+08  0.0000000e+00 -4.7686815e+01 
 8.5113804e+08  8.5113804e+08  0.0000000e+00 -4.7697500e+01 
 8.7096359e+08  8.7096359e+08  0.0000000e+00 -4.7707773e+01 
 8.9125094e+08  8.9125094e+08  0.0000000e+00 -4.7717647e+01 
 9.1201084e+08  9.1201084e+08  0.0000000e+00 -4.7727136e+01 
 9.3325430e+08  9.3325430e+08  0.0000000e+00 -4.7736251e+01 
 9.5499259e+08  9.5499259e+08  0.0000000e+00 -4.7745007e+01 
 9.7723722e+08  9.7723722e+08  0.0000000e+00 -4.7753413e+01 
 1.0000000e+09  1.0000000e+09  0.0000000e+00 -4.7761484e+01 
 1.0232930e+09  1.0232930e+09  0.0000000e+00 -4.7769229e+01 
 1.0471285e+09  1.0471285e+09  0.0000000e+00 -4.7776661e+01 
 1.0715193e+09  1.0715193e+09  0.0000000e+00 -4.7783791e+01 
 1.0964782e+09  1.0964782e+09  0.0000000e+00 -4.7790630e+01 
 1.1220185e+09  1.1220185e+09  0.0000000e+00 -4.7797188e+01 
 1.1481536e+09  1.1481536e+09  0.0000000e+00 -4.7803476e+01 
 1.1748976e+09  1.1748976e+09  0.0000000e+00 -4.7809503e+01 
 1.2022644e+09  1.2022644e+09  0.0000000e+00 -4.7815280e+01 
 1.2302688e+09  1.2302688e+09  0.0000000e+00 -4.7820815e+01 
 1.2589254e+09  1.2589254e+09  0.0000000e+00 -4.7826119e+01 
 1.2882496e+09  1.2882496e+09  0.0000000e+00 -4.7831200e+01 
 1.3182567e+09  1.3182567e+09  0.0000000e+00 -4.7836066e+01 
 1.3489629e+09  1.3489629e+09  0.0000000e+00 -4.7840726e+01 
 1.3803843e+09  1.3803843e+09  0.0000000e+00 -4.7845188e+01 
 1.4125375e+09  1.4125375e+09  0.0000000e+00 -4.7849459e+01 
 1.4454398e+09  1.4454398e+09  0.0000000e+00 -4.7853548e+01 
 1.4791084e+09  1.4791084e+09  0.0000000e+00 -4.7857462e+01 
 1.5135612e+09  1.5135612e+09  0.0000000e+00 -4.7861207e+01 
 1.5488166e+09  1.5488166e+09  0.0000000e+00 -4.7864790e+01 
 1.5848932e+09  1.5848932e+09  0.0000000e+00 -4.7868218e+01 
 1.6218101e+09  1.6218101e+09  0.0000000e+00 -4.7871497e+01 
 1.6595869e+09  1.6595869e+09  0.0000000e+00 -4.7874634e+01 
 1.6982437e+09  1.6982437e+09  0.0000000e+00 -4.7877633e+01 
 1.7378008e+09  1.7378008e+09  0.0000000e+00 -4.7880501e+01 
 1.7782794e+09  1.7782794e+09  0.0000000e+00 -4.7883243e+01 
 1.8197009e+09  1.8197009e+09  0.0000000e+00 -4.7885863e+01 
 1.8620871e+09  1.8620871e+09  0.0000000e+00 -4.7888368e+01 
 1.9054607e+09  1.9054607e+09  0.0000000e+00 -4.7890762e+01 
 1.9498446e+09  1.9498446e+09  0.0000000e+00 -4.7893050e+01 
 1.9952623e+09  1.9952623e+09  0.0000000e+00 -4.7895235e+01 
 2.0417379e+09  2.0417379e+09  0.0000000e+00 -4.7897322e+01 
 2.0892961e+09  2.0892961e+09  0.0000000e+00 -4.7899316e+01 
 2.1379621e+09  2.1379621e+09  0.0000000e+00 -4.7901219e+01 
 2.1877616e+09  2.1877616e+09  0.0000000e+00 -4.7903036e+01 
 2.2387211e+09  2.2387211e+09  0.0000000e+00 -4.7904771e+01 
 2.2908677e+09  2.2908677e+09  0.0000000e+00 -4.7906426e+01 
 2.3442288e+09  2.3442288e+09  0.0000000e+00 -4.7908006e+01 
 2.3988329e+09  2.3988329e+09  0.0000000e+00 -4.7909512e+01 
 2.4547089e+09  2.4547089e+09  0.0000000e+00 -4.7910949e+01 
 2.5118864e+09  2.5118864e+09  0.0000000e+00 -4.7912318e+01 
 2.5703958e+09  2.5703958e+09  0.0000000e+00 -4.7913624e+01 
 2.6302680e+09  2.6302680e+09  0.0000000e+00 -4.7914867e+01 
 2.6915348e+09  2.6915348e+09  0.0000000e+00 -4.7916052e+01 
 2.7542287e+09  2.7542287e+09  0.0000000e+00 -4.7917180e+01 
 2.8183829e+09  2.8183829e+09  0.0000000e+00 -4.7918253e+01 
 2.8840315e+09  2.8840315e+09  0.0000000e+00 -4.7919274e+01 
 2.9512092e+09  2.9512092e+09  0.0000000e+00 -4.7920245e+01 
 3.0199517e+09  3.0199517e+09  0.0000000e+00 -4.7921168e+01 
 3.0902954e+09  3.0902954e+09  0.0000000e+00 -4.7922044e+01 
 3.1622777e+09  3.1622777e+09  0.0000000e+00 -4.7922876e+01 
 3.2359366e+09  3.2359366e+09  0.0000000e+00 -4.7923664e+01 
 3.3113112e+09  3.3113112e+09  0.0000000e+00 -4.7924412e+01 
 3.3884416e+09  3.3884416e+09  0.0000000e+00 -4.7925119e+01 
 3.4673685e+09  3.4673685e+09  0.0000000e+00 -4.7925789e+01 
 3.5481339e+09  3.5481339e+09  0.0000000e+00 -4.7926421e+01 
 3.6307805e+09  3.6307805e+09  0.0000000e+00 -4.7927018e+01 
 3.7153523e+09  3.7153523e+09  0.0000000e+00 -4.7927580e+01 
 3.8018940e+09  3.8018940e+09  0.0000000e+00 -4.7928109e+01 
 3.8904514e+09  3.8904514e+09  0.0000000e+00 -4.7928606e+01 
 3.9810717e+09  3.9810717e+09  0.0000000e+00 -4.7929072e+01 
 4.0738028e+09  4.0738028e+09  0.0000000e+00 -4.7929508e+01 
 4.1686938e+09  4.1686938e+09  0.0000000e+00 -4.7929914e+01 
 4.2657952e+09  4.2657952e+09  0.0000000e+00 -4.7930293e+01 
 4.3651583e+09  4.3651583e+09  0.0000000e+00 -4.7930643e+01 
 4.4668359e+09  4.4668359e+09  0.0000000e+00 -4.7930967e+01 
 4.5708819e+09  4.5708819e+09  0.0000000e+00 -4.7931264e+01 
 4.6773514e+09  4.6773514e+09  0.0000000e+00 -4.7931536e+01 
 4.7863009e+09  4.7863009e+09  0.0000000e+00 -4.7931782e+01 
 4.8977882e+09  4.8977882e+09  0.0000000e+00 -4.7932005e+01 
 5.0118723e+09  5.0118723e+09  0.0000000e+00 -4.7932203e+01 
 5.1286138e+09  5.1286138e+09  0.0000000e+00 -4.7932377e+01 
 5.2480746e+09  5.2480746e+09  0.0000000e+00 -4.7932529e+01 
 5.3703180e+09  5.3703180e+09  0.0000000e+00 -4.7932657e+01 
 5.4954087e+09  5.4954087e+09  0.0000000e+00 -4.7932763e+01 
 5.6234133e+09  5.6234133e+09  0.0000000e+00 -4.7932846e+01 
 5.7543994e+09  5.7543994e+09  0.0000000e+00 -4.7932907e+01 
 5.8884366e+09  5.8884366e+09  0.0000000e+00 -4.7932946e+01 
 6.0255959e+09  6.0255959e+09  0.0000000e+00 -4.7932963e+01 
 6.1659500e+09  6.1659500e+09  0.0000000e+00 -4.7932958e+01 
 6.3095734e+09  6.3095734e+09  0.0000000e+00 -4.7932931e+01 
 6.4565423e+09  6.4565423e+09  0.0000000e+00 -4.7932882e+01 
 6.6069345e+09  6.6069345e+09  0.0000000e+00 -4.7932811e+01 
 6.7608298e+09  6.7608298e+09  0.0000000e+00 -4.7932718e+01 
 6.9183097e+09  6.9183097e+09  0.0000000e+00 -4.7932603e+01 
 7.0794578e+09  7.0794578e+09  0.0000000e+00 -4.7932465e+01 
 7.2443596e+09  7.2443596e+09  0.0000000e+00 -4.7932304e+01 
 7.4131024e+09  7.4131024e+09  0.0000000e+00 -4.7932119e+01 
 7.5857758e+09  7.5857758e+09  0.0000000e+00 -4.7931912e+01 
 7.7624712e+09  7.7624712e+09  0.0000000e+00 -4.7931680e+01 
 7.9432823e+09  7.9432823e+09  0.0000000e+00 -4.7931424e+01 
 8.1283052e+09  8.1283052e+09  0.0000000e+00 -4.7931144e+01 
 8.3176377e+09  8.3176377e+09  0.0000000e+00 -4.7930838e+01 
 8.5113804e+09  8.5113804e+09  0.0000000e+00 -4.7930506e+01 
 8.7096359e+09  8.7096359e+09  0.0000000e+00 -4.7930147e+01 
 8.9125094e+09  8.9125094e+09  0.0000000e+00 -4.7929761e+01 
 9.1201084e+09  9.1201084e+09  0.0000000e+00 -4.7929347e+01 
 9.3325430e+09  9.3325430e+09  0.0000000e+00 -4.7928905e+01 
 9.5499259e+09  9.5499259e+09  0.0000000e+00 -4.7928433e+01 
 9.7723722e+09  9.7723722e+09  0.0000000e+00 -4.7927930e+01 
 1.0000000e+10  1.0000000e+10  0.0000000e+00 -4.7927396e+01 
